[
  [
    [
      [
        0.9979608235121513,
        0.00020098863653192478,
        0.00019550541889316091,
        8.477565896113116e-05,
        0.0014184248125622297,
        0.00013948196090043583
      ],
      [
        0.9974887614591776,
        0.00020057369108329525,
        0.0001951012568561177,
        8.460052140067074e-05,
        0.0018917694219127764,
        0.00013919364956943705
      ],
      [
        0.9975367436366805,
        0.00020089756068668058,
        0.00019541634546592384,
        8.473713909166718e-05,
        0.0018427868731007964,
        0.00013941844497425537
      ],
      [
        0.9981503721216446,
        0.00020126919711488712,
        0.00019577854204111525,
        8.489404442715577e-05,
        0.0012280092896814468,
        0.0001396768050908223
      ],
      [
        0.9989755610124781,
        0.00020110906584507198,
        0.00019562371750181766,
        8.482670610144032e-05,
        0.0004033132157662561,
        0.00013956628230737275
      ],
      [
        0.997768008728515,
        0.00020091197163537336,
        0.00019543062613915725,
        8.474327461590727e-05,
        0.0016114767837952329,
        0.00013942861529909489
      ],
      [
        0.9971944300732636,
        0.0002005100194821029,
        0.00019503898839365514,
        8.457359268147426e-05,
        0.0021862980786301876,
        0.00013914924754894427
      ],
      [
        0.99768499461743,
        0.00018509707719316452,
        0.00018004690882256942,
        7.807259918628878e-05,
        0.0017433355692875285,
        0.00012845322808043393
      ],
      [
        0.9978007608939383,
        0.00018525585194081482,
        0.00018020148346218793,
        7.813959776836346e-05,
        0.0016270786730302386,
        0.00012856349986022666
      ],
      [
        0.9976868075529478,
        0.00018538592825146675,
        0.0001803278817617838,
        7.819443491462244e-05,
        0.0017406305147391794,
        0.000128653687384988
      ],
      [
        0.9980209982365176,
        0.00018553414414456754,
        0.00018047243417716193,
        7.825703383672336e-05,
        0.0014059813596522136,
        0.00012875679167184066
      ],
      [
        0.9982724547886038,
        0.0001860162905504874,
        0.00018094171476002206,
        7.846046218231231e-05,
        0.0011530351649006198,
        0.00012909157900280538
      ],
      [
        0.999052695007898,
        0.00018674283932669457,
        0.0001816493340698977,
        0.0001231549521475686,
        0.0003261613352054097,
        0.00012959653135248165
      ],
      [
        0.9988056391039476,
        0.0005208823274606592,
        0.0001169271321046084,
        0.00018736614847509047,
        0.00024489432659079884,
        0.00012429096142107645
      ],
      [
        0.9972660054859088,
        0.0016843849517969032,
        0.0005061010187137068,
        0.00032222428893322866,
        9.70750758056882e-05,
        0.000124209178841766
      ],
      [
        0.9928186100807437,
        0.005408494171709749,
        0.001059466404843247,
        0.0004926209473592645,
        9.686465646530037e-05,
        0.00012394373887876102
      ],
      [
        0.9910169822723044,
        0.006825363471102859,
        0.0013713416480908385,
        0.0005655376356860209,
        9.684931509777716e-05,
        0.00012392565771823224
      ],
      [
        0.991160242403396,
        0.006669586788584784,
        0.0013075046390705898,
        0.0006417792719250524,
        9.689844147037888e-05,
        0.0001239884555530648
      ],
      [
        0.9892439123408437,
        0.00828904498180441,
        0.0015355499282943424,
        0.0007107923893696328,
        9.681589011537518e-05,
        0.00012388446957253794
      ],
      [
        0.9896244068760842,
        0.008279735755467279,
        0.001168656214934654,
        0.000706367601597246,
        9.687446038017166e-05,
        0.0001239590915362978
      ],
      [
        0.9911958872548,
        0.006612319567096388,
        0.0013404020479151298,
        0.0006305138163273518,
        9.689425401561055e-05,
        0.00012398305984560306
      ],
      [
        0.9919994010700045,
        0.005679845565716112,
        0.001484415398419067,
        0.0006155008636687381,
        9.687691025336299e-05,
        0.0001239601919380143
      ],
      [
        0.9934345335031353,
        0.0049237614091337265,
        0.0008188936948220509,
        0.0005833074176345168,
        0.00010506649583289526,
        0.00013443747944147413
      ],
      [
        0.9960160969985119,
        0.0022330278693571057,
        0.0010653460316544534,
        0.00044592228108064706,
        0.00010511258965270463,
        0.00013449422974307992
      ],
      [
        0.9947784066919976,
        0.003592390425033023,
        0.0009846419130282705,
        0.00040501257142653923,
        0.0001050865273954291,
        0.00013446187111920753
      ],
      [
        0.9961932386475635,
        0.002364723804725837,
        0.0007715829453645075,
        0.0004307903394005724,
        0.00010513785969711908,
        0.0001345264032483222
      ],
      [
        0.9977350761610184,
        0.0011581636382043915,
        0.0005014896005393773,
        0.000365459106237908,
        0.00010520302722735412,
        0.00013460846677262924
      ],
      [
        0.9962777064541058,
        0.0022599128842117357,
        0.0008004026377484253,
        0.0004222849490429584,
        0.00010515053228895341,
        0.0001345425426020718
      ],
      [
        0.9942054485414595,
        0.004018035414675082,
        0.0011434611096550339,
        0.0003935715962817557,
        0.00010505778188248692,
        0.00013442555604605764
      ],
      [
        0.9945700964268611,
        0.0034339646575622784,
        0.001304188628099848,
        0.0004522838184993073,
        0.00010505049386791671,
        0.00013441597510954452
      ],
      [
        0.9921457434287936,
        0.005967643352808143,
        0.001062735161938057,
        0.0005844867867354354,
        0.00010501658481440412,
        0.0001343746849102428
      ],
      [
        0.9900806288354476,
        0.007185460644814298,
        0.0018207984437187495,
        0.000673963521186973,
        0.00010490932734043843,
        0.00013423922749201318
      ],
      [
        0.988951487556104,
        0.008366066119722734,
        0.0017964057467544294,
        0.0006469147030814179,
        0.00010489897575860503,
        0.00013422689857901714
      ],
      [
        0.9896028474453785,
        0.007875519612611183,
        0.0016512290626538087,
        0.0006312786071361169,
        0.0001048989546512064,
        0.00013422631756899097
      ],
      [
        0.9912333567097146,
        0.006697884374132774,
        0.001233206405124049,
        0.0005962132306441824,
        0.00010499344204956961,
        0.00013434583833480456
      ],
      [
        0.9907204058739607,
        0.007206757288730106,
        0.0012306271366530157,
        0.0006028620383188208,
        0.00010499693040349269,
        0.00013435073193377212
      ],
      [
        0.9866423928561253,
        0.01024245528011304,
        0.0022343013943756694,
        0.0006419981467933273,
        0.00010477813254131391,
        0.00013407419005150001
      ],
      [
        0.9865806567693657,
        0.01043570692986719,
        0.0021153027987868994,
        0.00062937649793437,
        0.00010482403566932308,
        0.00013413296837655881
      ],
      [
        0.9875592934111088,
        0.009792438878251774,
        0.0018142233087906964,
        0.0005951190056692335,
        0.00010481054012098928,
        0.00013411485605844108
      ],
      [
        0.9863311731120447,
        0.010213373786916304,
        0.002532404000909011,
        0.00068439286506915,
        0.00010469198523299419,
        0.00013396424982772156
      ]
    ],
    [
      [
        0.9974804374813244,
        0.00020077164568699192,
        0.00019529380157868025,
        8.468401516248693e-05,
        0.0018994820354657702,
        0.0001393310207816289
      ],
      [
        0.9590467989015057,
        0.01916985090780658,
        0.01236916769500488,
        0.0014499600392277837,
        0.007821302337051998,
        0.00014292011940308222
      ],
      [
        0.9479301463609541,
        0.025254645983952953,
        0.01800663764128507,
        0.0013159398534237734,
        0.007350644201046245,
        0.00014198595933798862
      ],
      [
        0.02660977164242396,
        0.03819721724896473,
        0.02748651814022339,
        0.0018103128048944197,
        0.9057455583992549,
        0.00015062176423849
      ],
      [
        0.998172785071004,
        0.0002007469078760547,
        0.00019527052493878847,
        8.467375172255219e-05,
        0.0012072093845269599,
        0.000139314359931529
      ],
      [
        0.028543662841627248,
        0.034273803730004264,
        0.024054019757469697,
        0.0018159060680592693,
        0.9111612906810415,
        0.00015131692179806353
      ],
      [
        0.9514270693735486,
        0.018512452490763952,
        0.019389953990315605,
        0.0016792746817234523,
        0.008848721011347755,
        0.00014252845230039665
      ],
      [
        0.9577462732124192,
        0.015387028662579367,
        0.017758783542870173,
        0.0012236242593553588,
        0.007752542818007592,
        0.00013174750476824032
      ],
      [
        0.924183316616413,
        0.035390350151098274,
        0.02886477654965859,
        0.0020506031609237546,
        0.009381578646466328,
        0.00012937487544012618
      ],
      [
        0.9239909571598761,
        0.03533900285911131,
        0.029528093498556163,
        0.00203980039414217,
        0.008972921557466115,
        0.00012922453084829793
      ],
      [
        0.036471940086650716,
        0.0636828582742234,
        0.04754153803623736,
        0.004941368957578491,
        0.8472275839358497,
        0.0001347107094603283
      ],
      [
        0.9044142335493011,
        0.04766991134759926,
        0.03545242524968789,
        0.0026899382844944126,
        0.009645711184663827,
        0.00012778038425373622
      ],
      [
        0.04007369372024616,
        0.0761638758535238,
        0.0562031496273983,
        0.004942689204587074,
        0.8224811084214393,
        0.0001354831728053961
      ],
      [
        0.794157071524642,
        0.09879017643788189,
        0.08166735220489353,
        0.0060468115194091294,
        0.019216882695896255,
        0.00012170561727722987
      ],
      [
        0.7406637476641477,
        0.11288917694129838,
        0.10957232013878941,
        0.008448143627003583,
        0.02830889364230151,
        0.00011771798645940682
      ],
      [
        0.7055903195682993,
        0.13496833144739687,
        0.12271551522716508,
        0.008579179182742116,
        0.028031890346110283,
        0.00011476422828653341
      ],
      [
        0.564894601177915,
        0.17566318335615722,
        0.21195163662596478,
        0.01260454539325259,
        0.03478197702122611,
        0.00010405642548417339
      ],
      [
        0.46226770401604633,
        0.2609488699548489,
        0.2342424940228123,
        0.011914687029250906,
        0.0305244737957611,
        0.00010177118128064239
      ],
      [
        0.051806980803619486,
        0.27831295552565755,
        0.16408014137346005,
        0.009106818908319943,
        0.49658054681494057,
        0.00011255657400243317
      ],
      [
        0.48278820742066875,
        0.2487836551052588,
        0.22922783928486845,
        0.01111921760249685,
        0.027977910538111554,
        0.00010317004859570673
      ],
      [
        0.5611951767385446,
        0.17146629906155864,
        0.2264170752258479,
        0.011367225406118574,
        0.029450789987293783,
        0.00010343358063650328
      ],
      [
        0.05614917525492318,
        0.1754501983481736,
        0.25303407040529463,
        0.009170740705626436,
        0.5060821852428542,
        0.00011363004312790196
      ],
      [
        0.7126333875072426,
        0.13508427705055484,
        0.11470433717810355,
        0.008252878984097947,
        0.02920979609393774,
        0.00011532318606320437
      ],
      [
        0.11820166092609143,
        0.10153094649498638,
        0.08764121756122084,
        0.005743130741960837,
        0.6867533464601239,
        0.00012969781561661796
      ],
      [
        0.5974910429956332,
        0.15566469129981764,
        0.1992119876986768,
        0.01118713950044337,
        0.036338530308711384,
        0.00010660819671760254
      ],
      [
        0.722826577603407,
        0.1234328598209444,
        0.11057026056788732,
        0.008092477237812527,
        0.03496131362424256,
        0.00011651114570618916
      ],
      [
        0.6773262413468653,
        0.14299086710687445,
        0.13452098330471088,
        0.009713479494230034,
        0.03533555726888728,
        0.00011287147843198146
      ],
      [
        0.7465677970351047,
        0.10931012910767281,
        0.10342373613725747,
        0.007927090134938206,
        0.03265288779707298,
        0.00011835978795387986
      ],
      [
        0.6337798838962984,
        0.138766951685645,
        0.18709366434473285,
        0.009030614328160172,
        0.031219825082038192,
        0.00010906066312546028
      ],
      [
        0.05101504178290336,
        0.11441906404503872,
        0.11821262171462976,
        0.006212075493295289,
        0.7100160285040424,
        0.00012516846009038774
      ],
      [
        0.6326704912877267,
        0.13122418204713474,
        0.12156157378325307,
        0.08494117128547779,
        0.029487445362475623,
        0.00011513623393222598
      ],
      [
        0.07317558856958851,
        0.1807037223937301,
        0.19503675502494205,
        0.010865620819909388,
        0.540107416895703,
        0.00011089629612703422
      ],
      [
        0.5096028411464507,
        0.19976002289484412,
        0.25309589207171873,
        0.010579933967409192,
        0.026862144002800514,
        9.91659167767432e-05
      ],
      [
        0.5671176768148862,
        0.1791300044537845,
        0.21297894911167845,
        0.010042220998254683,
        0.030627386737678605,
        0.00010376188371755462
      ],
      [
        0.6656356578236978,
        0.15160549992915162,
        0.1420013662256677,
        0.010533986631961503,
        0.03011173987259175,
        0.00011174951692966471
      ],
      [
        0.6450901801066538,
        0.1633752879756288,
        0.15228796723347005,
        0.010796341206858946,
        0.028340213069392706,
        0.0001100104079956624
      ],
      [
        0.0771924124122238,
        0.24961001204233801,
        0.2834783102988235,
        0.01581202898154568,
        0.37381045305456106,
        9.678321050771281e-05
      ],
      [
        0.5148029657247802,
        0.21612213057874055,
        0.2248080056119924,
        0.01094030132372762,
        0.033215482705162266,
        0.00011111405559699933
      ],
      [
        0.5106382581427914,
        0.2085515064549771,
        0.2389917573292519,
        0.010398873478800438,
        0.03130891836348894,
        0.00011068623069034228
      ],
      [
        0.9877837508947781,
        0.009585632433800341,
        0.0018174384645871235,
        0.0005742390431711502,
        0.00010481666823576287,
        0.00013412249542746145
      ]
    ],
    [
      [
        0.9982803939321014,
        0.00020142611965643536,
        0.00019593133230553136,
        8.496026553332722e-05,
        0.0010975025476340325,
        0.00013978580276932838
      ],
      [
        0.02591163798212554,
        0.028069907136301,
        0.02773769531627553,
        0.0016619972205276683,
        0.9164672578085887,
        0.00015150453618152537
      ],
      [
        0.022667545584451942,
        0.0858983624326668,
        0.002939158212677921,
        0.002406144509809915,
        0.8859413802018524,
        0.0001474090585410502
      ],
      [
        0.8867346463726645,
        0.06338889570187918,
        0.038353393815001156,
        0.002351261155598221,
        0.009034335167112642,
        0.00013746778774420648
      ],
      [
        0.9981382526874798,
        0.0002013287189641776,
        0.0001958364264873183,
        8.491914736069819e-05,
        0.0012399449161715483,
        0.0001397181035365954
      ],
      [
        0.9978030133891354,
        0.00020116867596386536,
        0.0001956803675287949,
        8.485155937940904e-05,
        0.0015756792180890065,
        0.00013960678990354513
      ],
      [
        0.9213479575826374,
        0.0402944402912552,
        0.02665474205026615,
        0.002341426578663315,
        0.009221276762048413,
        0.00014015673512960785
      ],
      [
        0.893465214690618,
        0.054745030452742156,
        0.03855894618467796,
        0.0028404736873530443,
        0.010263178633694386,
        0.0001271563509146736
      ],
      [
        0.8835783628588098,
        0.09973166110012888,
        0.0024728343654991385,
        0.003802090250877529,
        0.010289907006937661,
        0.000125144417747037
      ],
      [
        0.8553696692363969,
        0.1254634525115085,
        0.0016637241257990904,
        0.004683496837040221,
        0.01269611215321781,
        0.0001235451360376019
      ],
      [
        0.7640793169401207,
        0.21511586105481964,
        0.000994274952620573,
        0.005584282596770183,
        0.014103435368265138,
        0.00012282908740389537
      ],
      [
        0.8331451513205022,
        0.14525914581570484,
        0.0009579194053743107,
        0.00635979880376915,
        0.01415559193188273,
        0.00012239272276676585
      ],
      [
        0.04544916933399937,
        0.12159388794754714,
        0.0010877480711405695,
        0.004778897072603309,
        0.8269640288807544,
        0.00012626869395532448
      ],
      [
        0.6755187545473134,
        0.2832401793594702,
        0.00011207327600603211,
        0.008852395368022384,
        0.03218325635385999,
        9.334109532810968e-05
      ],
      [
        0.7277542642777178,
        0.22145428941828244,
        0.00011187783702017877,
        0.010224177577925785,
        0.04036336928139299,
        9.202160766070517e-05
      ],
      [
        0.5374083586346557,
        0.4009761852442021,
        0.00024466959327122445,
        0.010970157033544415,
        0.050312050461878983,
        8.857903244754627e-05
      ],
      [
        0.5457652700218623,
        0.383199797476358,
        0.0004973696149741572,
        0.014611291458252972,
        0.05583857208243641,
        8.769934611623012e-05
      ],
      [
        0.31132777683825136,
        0.527023669603567,
        0.000723335282151424,
        0.018865753360844353,
        0.14195267058093852,
        0.00010679433424733578
      ],
      [
        0.11352924040111506,
        0.569801868607596,
        0.0007055801489993157,
        0.014509833056451846,
        0.3013647793430542,
        8.869844278367168e-05
      ],
      [
        0.12017990113237421,
        0.49170095565188454,
        0.0007137962653497356,
        0.014524553199381927,
        0.3727923391487686,
        8.8454602241022e-05
      ],
      [
        0.33757861100128467,
        0.4150767767305139,
        0.0008901333689155705,
        0.015272279482622756,
        0.23107269217355883,
        0.00010950724310425134
      ],
      [
        0.47317295541835475,
        0.4511280939422874,
        0.00044184848148601393,
        0.014120217065194321,
        0.061049023492569215,
        8.78616001082217e-05
      ],
      [
        0.6027752044912696,
        0.3341761065851321,
        0.00016778091617626736,
        0.012428790577748818,
        0.0503636128565015,
        8.850457317181454e-05
      ],
      [
        0.6178674360567112,
        0.3155670655077976,
        0.00032686558987659155,
        0.012130750973676723,
        0.054019007608489315,
        8.88742634485493e-05
      ],
      [
        0.10027952939576755,
        0.41975286758347535,
        0.0009159952859668855,
        0.012657733010245503,
        0.4662983272493987,
        9.554747514602859e-05
      ],
      [
        0.5958286615702804,
        0.34304348434176213,
        0.0003542255088378421,
        0.01217272238811428,
        0.04851262031860207,
        8.828587240334195e-05
      ],
      [
        0.6194258075832123,
        0.33256405743000006,
        0.00014503097590285268,
        0.00958402457546335,
        0.0381912400371177,
        8.983939830379891e-05
      ],
      [
        0.1663439903581673,
        0.34364764055494457,
        0.0007362064123834678,
        0.012958899622321968,
        0.47621044917216454,
        0.00010281388001812865
      ],
      [
        0.11025636257070487,
        0.43226155723977755,
        0.0011855049971586365,
        0.012879418099213953,
        0.4433232403429252,
        9.391675021980154e-05
      ],
      [
        0.08167102340939741,
        0.37100612948453116,
        0.0007893846229774544,
        0.012393159531810253,
        0.5340394036130084,
        0.00010089933827526911
      ],
      [
        0.5710253746327956,
        0.3688553817716684,
        0.0002642442084628978,
        0.011596650267477056,
        0.04817065236350061,
        8.769675609541084e-05
      ],
      [
        0.10802218191621282,
        0.36296564826066247,
        0.0012515902276666031,
        0.010742394453839333,
        0.5169181755332711,
        0.00010000960834764232
      ],
      [
        0.22680111908105885,
        0.6471778156262381,
        0.0011162058539970002,
        0.01751858834089024,
        0.1072887956673102,
        9.74754305056262e-05
      ],
      [
        0.507779160374814,
        0.4223954743166205,
        0.0005911161464843808,
        0.011350874236651622,
        0.057795185874171096,
        8.818905125832361e-05
      ],
      [
        0.10926989953510544,
        0.3518485268303291,
        0.0005975770389508467,
        0.011490001673823231,
        0.5266930070642102,
        0.00010098785758128176
      ],
      [
        0.572034291799548,
        0.36834451231248966,
        0.00034536454965587054,
        0.012088164143912365,
        0.04709992023873673,
        8.774695565728197e-05
      ],
      [
        0.10734485152736224,
        0.375061122518189,
        0.0017465939075124494,
        0.013027529642204404,
        0.5027209300066008,
        9.89723981311373e-05
      ],
      [
        0.3632237636205463,
        0.44647849472863316,
        0.001969567571379626,
        0.015772144280322527,
        0.17243722576714224,
        0.00011880403197632207
      ],
      [
        0.5484623418105982,
        0.20600278365570518,
        0.20179455092693832,
        0.010528177331564685,
        0.03309843955692305,
        0.00011370671827062421
      ],
      [
        0.9867210776867639,
        0.010331730343753936,
        0.002091786435270927,
        0.0006164310011113165,
        0.00010483178085209308,
        0.00013414275224786393
      ]
    ],
    [
      [
        0.9989032334343948,
        0.0002020367976331574,
        0.0001965260648810175,
        8.521800036291949e-05,
        0.000472775637852843,
        0.00014021006487522164
      ],
      [
        0.026658284331129174,
        0.04982799924107453,
        0.03486036537095724,
        0.0026243121273265037,
        0.8858801341751429,
        0.00014890475436964463
      ],
      [
        0.8857677773462505,
        0.0999121509554217,
        0.0022851468334732974,
        0.0031101993069869616,
        0.008788707889996404,
        0.0001360176678710624
      ],
      [
        0.8436007739280759,
        0.13986138602732487,
        0.001971731886994185,
        0.004659957129389118,
        0.009772548164586415,
        0.0001336028636295516
      ],
      [
        0.031238489813344848,
        0.07609173494587973,
        0.042885701486722216,
        0.004251109798916978,
        0.8453870944652991,
        0.0001458694898370912
      ],
      [
        0.9983514114382944,
        0.0002019084294986577,
        0.00045372728183888195,
        8.516372374562633e-05,
        0.000767668069363828,
        0.00014012105725855843
      ],
      [
        0.9981653714445112,
        0.00020141432494708985,
        0.00019591972825786248,
        8.495526212441724e-05,
        0.001212561707313815,
        0.00013977753284564182
      ],
      [
        0.9981866988163091,
        0.00011595219906299892,
        0.00011622538053033358,
        6.0946263414108873e-05,
        0.0013967892124923304,
        0.00012338812819119094
      ],
      [
        0.7909217806971958,
        0.10571749963774058,
        0.07331172375829911,
        0.0071917655207527,
        0.022735555805941814,
        0.00012167458006999933
      ],
      [
        0.8044258238093837,
        0.16577706855918084,
        0.00018891733174180637,
        0.007122957353073787,
        0.022388695363732485,
        9.65375828873001e-05
      ],
      [
        0.08004450723310014,
        0.2368182279399143,
        0.0006730132964505029,
        0.007682146019616361,
        0.6746689331201073,
        0.00011317239081152003
      ],
      [
        0.7041869665076594,
        0.2502792314596417,
        0.00011116905673130347,
        0.01073051958138252,
        0.034601755818673814,
        9.035757591123339e-05
      ],
      [
        0.7463058573588216,
        0.2144055500647191,
        0.0001118941171775989,
        0.0091953255269641,
        0.029888482887317887,
        9.289004499972287e-05
      ],
      [
        0.05938731798691866,
        0.14775573491859248,
        0.0002354610817670522,
        0.0065934381237620545,
        0.7859051803140152,
        0.00012286757494449994
      ],
      [
        0.6848191323973152,
        0.266745496960631,
        0.00011075321299357341,
        0.01067307079723306,
        0.03756184831379593,
        8.969831803146154e-05
      ],
      [
        0.7125227772760713,
        0.23795547613788937,
        0.00014503199301680794,
        0.01085328716403218,
        0.03843243753490263,
        9.098989408776618e-05
      ],
      [
        0.46158463929312027,
        0.4726609794037505,
        0.0003577946044928121,
        0.014078771647822686,
        0.051230439518683155,
        8.737553213060329e-05
      ],
      [
        0.43033250498495157,
        0.4947740253358852,
        0.0003767404961510305,
        0.015474775266360994,
        0.05895488159205315,
        8.707232459788521e-05
      ],
      [
        0.5362507870802434,
        0.4043572073750979,
        0.0003171669853761558,
        0.01164594967238591,
        0.04734033046998183,
        8.855841691475637e-05
      ],
      [
        0.51631840963164,
        0.42390918423056423,
        0.00032408613253967505,
        0.011973962196146652,
        0.04738617574025987,
        8.818206884968632e-05
      ],
      [
        0.13803877120130872,
        0.5023655880010989,
        0.0008448210763553857,
        0.01824156594727813,
        0.3404162647338209,
        9.298904013802306e-05
      ],
      [
        0.5031180345457793,
        0.43179211188647404,
        0.0003002798129227889,
        0.013031050010751055,
        0.05167039198352098,
        8.813176055192572e-05
      ],
      [
        0.579715248458112,
        0.3539505727826784,
        0.0001203814393719621,
        0.01341064567714426,
        0.052714958214488565,
        8.819342820469178e-05
      ],
      [
        0.548110481290301,
        0.3733451109630915,
        0.0003980551924031352,
        0.014746422850470335,
        0.0633119833181967,
        8.794638553726017e-05
      ],
      [
        0.3842520234035447,
        0.4577600766574784,
        0.000820679801944064,
        0.01565600183994896,
        0.1414050876160394,
        0.00010613068104449363
      ],
      [
        0.5607934270647269,
        0.3712371703131575,
        0.00045336625385773276,
        0.012994632839543713,
        0.054433608479587794,
        8.779504912655499e-05
      ],
      [
        0.10929686101008756,
        0.4357514939706403,
        0.00036346806709794985,
        0.012675969189724677,
        0.44181183037084987,
        0.00010037739159962152
      ],
      [
        0.4824677930023757,
        0.3667385602028988,
        0.0004239355512052817,
        0.09091082878383472,
        0.05937088361861262,
        8.799884107295706e-05
      ],
      [
        0.322709842073969,
        0.5135033423140835,
        0.000912342529546547,
        0.01517866091145869,
        0.14758802266861895,
        0.0001077895023231897
      ],
      [
        0.5334887249456725,
        0.39151202163059556,
        0.0004269426835440483,
        0.014211222210175385,
        0.060273580985857916,
        8.75075441547048e-05
      ],
      [
        0.56736985119466,
        0.3679665565662305,
        0.0001743237135799771,
        0.01327127596953866,
        0.051130110387095314,
        8.788216889554102e-05
      ],
      [
        0.5795048967972485,
        0.35188758484511234,
        0.00032773854087158596,
        0.013117846295249235,
        0.0550737197839518,
        8.821373756657156e-05
      ],
      [
        0.515504229514925,
        0.4142552692052479,
        0.0005041572717597842,
        0.014555632585742157,
        0.055093665851447295,
        8.704557087792915e-05
      ],
      [
        0.5515343065107993,
        0.3862843263458863,
        0.00040659371862406234,
        0.012524438239337358,
        0.04916291478267993,
        8.742040267294341e-05
      ],
      [
        0.6568172672463943,
        0.2897559507561409,
        0.0001998644590821639,
        0.012060121820322182,
        0.04107743636944834,
        8.935934861220243e-05
      ],
      [
        0.07449065824463824,
        0.3262607634417713,
        0.00037628278903527806,
        0.010095105820519487,
        0.5886719028716421,
        0.00010528683239358225
      ],
      [
        0.47344968575990737,
        0.46754472026240046,
        0.0004711132658537053,
        0.013596910425206785,
        0.044851758160256876,
        8.581212637472844e-05
      ],
      [
        0.46076095893024066,
        0.47280372958812866,
        0.000710042762092571,
        0.013105066446769283,
        0.05252667751423944,
        9.352475852927816e-05
      ],
      [
        0.09114606152677102,
        0.272327320822348,
        0.28482764302133395,
        0.01732995872368692,
        0.33426266359198015,
        0.00010635231387993782
      ],
      [
        0.9875392655700059,
        0.009462830898690346,
        0.0021401948496626486,
        0.0006187967217242908,
        0.00010480462929134341,
        0.00013410733062544644
      ]
    ],
    [
      [
        0.9983209213657777,
        0.0001256136262837088,
        0.0001262837522527821,
        6.630325368646354e-05,
        0.0012266447567955037,
        0.000134233245203795
      ],
      [
        0.8730819292758021,
        0.05262612668000129,
        0.053270138507951814,
        0.004033789576535639,
        0.016848227394431464,
        0.00013978856527773387
      ],
      [
        0.8382632174418073,
        0.13491676052291107,
        0.00017224451163178793,
        0.005842812796605068,
        0.020697103527179905,
        0.00010786119986487122
      ],
      [
        0.7209182026700792,
        0.2375297447491217,
        0.00012094629315453891,
        0.008742890371022053,
        0.032587933529204145,
        0.0001002823874184596
      ],
      [
        0.07716271592259574,
        0.24140286443191825,
        0.000855452742456791,
        0.008239413012322375,
        0.6722148979285404,
        0.00012465596216638985
      ],
      [
        0.7743389282930808,
        0.11401494007114159,
        0.08039983914110985,
        0.006626155070256069,
        0.02448835390675655,
        0.0001317835176550877
      ],
      [
        0.9972636063573135,
        0.0001255892040629371,
        0.0011778988604048558,
        9.138990490721359e-05,
        0.001207489031890701,
        0.00013402664142096122
      ],
      [
        0.9984219724785544,
        0.00011595113721273991,
        0.00011622431617837288,
        6.097637165122248e-05,
        0.0011614268789797424,
        0.0001234488174234958
      ],
      [
        0.03803057730850705,
        0.06850574272869786,
        0.049050784828014574,
        0.004496140454485341,
        0.8397796947311725,
        0.00013705994912267206
      ],
      [
        0.07860237068447726,
        0.18890375951576,
        0.000580184630543069,
        0.007363617079741476,
        0.7244323760819829,
        0.00011769200749526936
      ],
      [
        0.07975309960273513,
        0.24106543950232753,
        0.00026146040621519184,
        0.009263286544698074,
        0.6695439114399023,
        0.00011280250412179712
      ],
      [
        0.08526686894697666,
        0.24803500246195476,
        0.00012086990665224532,
        0.010609190565943352,
        0.6558563381788983,
        0.00011172993957460959
      ],
      [
        0.6967667864365976,
        0.24529301638833528,
        0.00011153545253722187,
        0.012397494777731683,
        0.04534083509596917,
        9.033184882904693e-05
      ],
      [
        0.7353159844158871,
        0.21148806455400126,
        0.0001121328498576383,
        0.01011581841404794,
        0.042875466856076204,
        9.253291012979079e-05
      ],
      [
        0.7476606281538535,
        0.19705955395436742,
        0.00011264527855496829,
        0.011330668785958007,
        0.04374298682643999,
        9.351700082608602e-05
      ],
      [
        0.542582415557455,
        0.3869210028212167,
        0.00029645386262885405,
        0.014971639279845721,
        0.05514083171310298,
        8.765676575071536e-05
      ],
      [
        0.4748899895467815,
        0.4500764303120075,
        0.00037998842504922454,
        0.01623743939218699,
        0.05832968227421584,
        8.647004975879717e-05
      ],
      [
        0.4768431286501494,
        0.45189992584838584,
        0.00021308739295710486,
        0.014897078006083097,
        0.05605887669589015,
        8.79034065343744e-05
      ],
      [
        0.10576121324679771,
        0.39754470025898897,
        0.0001128065164461706,
        0.013888116831092324,
        0.48258924127413494,
        0.00010392187253989504
      ],
      [
        0.10650028578548111,
        0.39726639867425373,
        0.00013276775855172764,
        0.012985990338436032,
        0.48301064675330835,
        0.00010391068996911477
      ],
      [
        0.6011778281783756,
        0.3307506959881457,
        0.00018270383074645832,
        0.013112830334814774,
        0.05468728726020962,
        8.8654407707963e-05
      ],
      [
        0.6784141080872879,
        0.19399398807696752,
        0.00011263541933797439,
        0.08763340440462183,
        0.039751962502857986,
        9.390150892676223e-05
      ],
      [
        0.6596859932267093,
        0.2858916269483798,
        0.0001123458619610076,
        0.011424507400210317,
        0.04279278855202447,
        9.273801071531058e-05
      ],
      [
        0.518338340620287,
        0.4121870414428255,
        0.0002743952304334416,
        0.013966614959494956,
        0.055144968848273586,
        8.863889868544206e-05
      ],
      [
        0.22724270636372287,
        0.33259254750611594,
        0.0008401521898680217,
        0.013545427377428754,
        0.4256788697396511,
        0.0001002968232132439
      ],
      [
        0.09385173916934728,
        0.4280629956171082,
        0.0006522484133873793,
        0.014411741556279415,
        0.46291937138141565,
        0.00010190386246222046
      ],
      [
        0.14177187045167303,
        0.41704819313424835,
        0.0008824648936511734,
        0.013488303970728498,
        0.4267090534460636,
        0.00010011410363532636
      ],
      [
        0.45995771077130015,
        0.39497875075954686,
        0.0002870075757865701,
        0.014465248572325598,
        0.13022384630611186,
        8.743601492894329e-05
      ],
      [
        0.5181886102803843,
        0.4112676083435642,
        0.0004551904405083789,
        0.015638448742889874,
        0.054362936519840706,
        8.720567281252228e-05
      ],
      [
        0.4982950391061379,
        0.4310591510073385,
        0.00031250747599039186,
        0.014126284064434391,
        0.056118754380434774,
        8.826396566411031e-05
      ],
      [
        0.6381722642916614,
        0.23413765683361318,
        0.00011428331577590876,
        0.010198172145268268,
        0.11728643812054937,
        9.118529313183261e-05
      ],
      [
        0.7160613352652349,
        0.23126477362109754,
        0.00011168876320512965,
        0.010718074291864773,
        0.04175283083578194,
        9.129722281580601e-05
      ],
      [
        0.5250193983165423,
        0.41085578531294886,
        0.0002484177967916961,
        0.012647203893543001,
        0.051140663765978506,
        8.853091419567236e-05
      ],
      [
        0.6834819997479555,
        0.26355729218701485,
        0.00019183411957534482,
        0.010836543005223196,
        0.04184253642480925,
        8.979451542176396e-05
      ],
      [
        0.574291131631591,
        0.2949540052836062,
        0.0001101639593573272,
        0.08860955045157616,
        0.041945927588584696,
        8.922108528455896e-05
      ],
      [
        0.6697282200346981,
        0.27912141370652754,
        0.00011047496817310884,
        0.010922348209593088,
        0.04002807011167511,
        8.947296933301709e-05
      ],
      [
        0.638665217568476,
        0.31206983746611655,
        0.00029985440842951244,
        0.011832225475668045,
        0.0370440076966861,
        8.885738462371654e-05
      ],
      [
        0.5753280497259632,
        0.36381974553568536,
        0.0004601862490907414,
        0.013263003813208205,
        0.047033224245853045,
        9.57904301994544e-05
      ],
      [
        0.6133965563943656,
        0.17455813380482804,
        0.16694724777409914,
        0.01091940318636319,
        0.03405959748052149,
        0.00011906135982256111
      ],
      [
        0.9904628355181718,
        0.007417891058574256,
        0.0013586620456499982,
        0.0005213411946048904,
        0.00010496287406995133,
        0.00013430730892905921
      ]
    ],
    [
      [
        0.9987022200550429,
        0.00012561857377251735,
        0.00012638328854114474,
        0.00012774937550411725,
        0.0007836891393903563,
        0.0001343395677487884
      ],
      [
        0.8474562544522541,
        0.06768069998088018,
        0.059394675394529604,
        0.004942483032479253,
        0.02038817023286894,
        0.0001377169069878011
      ],
      [
        0.7040992876217168,
        0.2556633243258243,
        0.0001206032116190998,
        0.009922176624585355,
        0.030095402149495003,
        9.920606675962772e-05
      ],
      [
        0.6827797950050869,
        0.2662008596306689,
        0.00012045444053689537,
        0.010587625572987407,
        0.04021318909432105,
        9.807625639873769e-05
      ],
      [
        0.671767717491981,
        0.27646079408518837,
