[
  [
    [
      [
        0.9954786205600037,
        0.003136719355981687,
        0.0009436293034834807,
        0.00021092326473490767,
        0.00010240823206840971,
        0.0001276992837279234
      ],
      [
        0.9973326436111121,
        0.00215462353420154,
        0.00017653577674433762,
        0.00010589090207129199,
        0.0001024999474744908,
        0.00012780622839638755
      ],
      [
        0.9962324491930791,
        0.0028254678961644564,
        0.0005574121681484811,
        0.00015441947076958153,
        0.0001024735050069989,
        0.0001277777668315577
      ],
      [
        0.9959597578723631,
        0.0030666029123403915,
        0.000533352169601547,
        0.0002100792836234643,
        0.00010245360681515608,
        0.00012775415525649855
      ],
      [
        0.9964637353026066,
        0.002677270945647534,
        0.00043083244474847863,
        0.00019783601002718108,
        0.00010250687744985852,
        0.00012781841952037634
      ],
      [
        0.9954302826668601,
        0.0030138671815349172,
        0.0009461412426629602,
        0.0003795301361697206,
        0.00010243994356390228,
        0.00012773882920840242
      ],
      [
        0.9923209639167837,
        0.00578020588512695,
        0.001010096456492104,
        0.0006586064151743188,
        0.0001024109222238435,
        0.00012771640419910913
      ],
      [
        0.991042807532084,
        0.006570365530743329,
        0.0013575681566319784,
        0.0007992626990274239,
        0.00010235017652939435,
        0.00012764590498380688
      ],
      [
        0.9904810560969005,
        0.006928294125951547,
        0.0015525118297161698,
        0.0008083025046597408,
        0.00010227765468239796,
        0.00012755778808965437
      ],
      [
        0.9910632115912995,
        0.006606497924636157,
        0.0013565920472564856,
        0.0007436862413946574,
        0.00010235735697725084,
        0.00012765483843599958
      ],
      [
        0.992317584123374,
        0.005834214486471663,
        0.001007074054377701,
        0.0006109596933055767,
        0.00010242882821987977,
        0.0001277388142511625
      ],
      [
        0.9948286783333239,
        0.0036080653973765346,
        0.0010294578858814757,
        0.00030361891409137737,
        0.00010243903305439678,
        0.00012774043627221195
      ],
      [
        0.9965746598269357,
        0.0024455300360966435,
        0.0006436993503278421,
        0.00010586223285349916,
        0.00010247300703831108,
        0.0001277755467480535
      ],
      [
        0.9987783172844437,
        0.000321021768109642,
        0.00017651541570991942,
        0.00013523872220230014,
        0.00045390531355783676,
        0.00013500149597646486
      ],
      [
        0.9983403169971363,
        0.0001621970430019507,
        0.000175881237810567,
        0.0001347534605009068,
        0.0010523348910368153,
        0.0001345163705133363
      ],
      [
        0.9981171622682695,
        0.0001621078527148118,
        0.00017578444536511977,
        0.00013467958383152966,
        0.001275823394688643,
        0.00013444245513041678
      ],
      [
        0.9988412630914727,
        0.00011564601911477131,
        0.00012624770354440208,
        0.00010582864937904311,
        0.0006832939963191075,
        0.00012772054017001644
      ],
      [
        0.9981751820939871,
        0.0011369752397260085,
        0.00035152011848079437,
        0.00010593232384628024,
        0.00010253914963052511,
        0.00012785107432941353
      ],
      [
        0.9973637287605479,
        0.00197006173025638,
        0.00032987365201277933,
        0.00010593473381315504,
        0.00010254234454445531,
        0.00012785877882542387
      ],
      [
        0.9967176981263278,
        0.0023493995013277986,
        0.0005571099598611057,
        0.00014549054703736093,
        0.00010249700078305501,
        0.00012780486466287727
      ],
      [
        0.9964891476822476,
        0.002498133200737387,
        0.0006172286092821686,
        0.00016520322766616264,
        0.00010249008872364628,
        0.00012779719134312653
      ],
      [
        0.996989262102289,
        0.0021378834506124403,
        0.0005365537387711145,
        0.00010592291940385967,
        0.00010253130851785944,
        0.0001278464804056811
      ],
      [
        0.9974556380427244,
        0.001540888398124279,
        0.0006672681208284743,
        0.00010589398031038926,
        0.00010250280141337875,
        0.00012780865659899366
      ],
      [
        0.9992185781406505,
        0.0001333967053253331,
        0.00012624883940809748,
        0.00010597811031610477,
        0.0002878983246228783,
        0.00012789987967710707
      ],
      [
        0.998833351955836,
        0.00011564603309164192,
        0.00012624771880258246,
        0.00010574640337369336,
        0.000691386581499313,
        0.0001276213073966243
      ],
      [
        0.9981564796115096,
        0.00016209673376536629,
        0.0001757724019921331,
        0.00013467030668497034,
        0.0012365477222796716,
        0.00013443322376817702
      ],
      [
        0.9985527020084235,
        0.00016219123261129945,
        0.00017587501092387986,
        0.0001347484203701302,
        0.0008399718286340109,
        0.00013451149903694203
      ],
      [
        0.9985242091368626,
        0.0001624021090185304,
        0.00017610366855107384,
        0.00013492364700195173,
        0.0008676750403701309,
        0.00013468639819586177
      ],
      [
        0.9990755257872856,
        0.00016270244699317376,
        0.00017642953710682974,
        0.0001351726167969939,
        0.0003152342621752162,
        0.00013493534964231253
      ],
      [
        0.9992712115781277,
        0.00016286192145324312,
        0.00017660255541095186,
        0.00013530488061853715,
        0.00011895154417438611,
        0.00013506752021516505
      ],
      [
        0.9988897694052382,
        0.0004281659491239115,
        0.00017660058598198658,
        0.0001353037760648711,
        0.00023509350923658687,
        0.00013506677435436948
      ],
      [
        0.9988714855833113,
        0.0001628178536087592,
        0.0005931401304207083,
        0.00013526838085054025,
        0.00010225610139693789,
        0.00013503195041170377
      ],
      [
        0.998846771542231,
        0.00016272332620572588,
        0.00017645209828650544,
        0.00013519019311933962,
        0.0005439101176942357,
        0.00013495272246303496
      ],
      [
        0.9986228768369774,
        0.00016255178601841361,
        0.0001762660077314168,
        0.0001350479009921761,
        0.0007684469586565462,
        0.0001348105096242125
      ],
      [
        0.9988534270427815,
        0.00016236471750236933,
        0.00017606323674144861,
        0.00013489225170754872,
        0.0005385974454051925,
        0.00013465530586190242
      ],
      [
        0.9984380169733337,
        0.00016202818333999966,
        0.0001756981658303596,
        0.00013461307232308543,
        0.0009552673040559655,
        0.00013437630111695845
      ],
      [
        0.9975496131693399,
        0.00016156610485717435,
        0.00017519679567526932,
        0.00013423006032992456,
        0.0018454005771724802,
        0.00013399329262525408
      ],
      [
        0.9970791717649002,
        0.00016111000774755806,
        0.00017470205727445086,
        0.00013385159694072676,
        0.002317549431947533,
        0.0001336151411896389
      ],
      [
        0.9971867849564569,
        0.00016071097513526672,
        0.0001742693976112847,
        0.00013351996625246383,
        0.0022114305320206783,
        0.00013328417252348978
      ],
      [
        0.9978071311286382,
        0.00016087098230582522,
        0.00017444311760166138,
        0.00013365228554972457,
        0.0015904857637420208,
        0.0001334167221626155
      ]
    ],
    [
      [
        0.9969320116311451,
        0.0024433000879054124,
        0.0002884380096327388,
        0.00010590681752501565,
        0.00010251578102947589,
        0.00012782767276234945
      ],
      [
        0.8048568868082522,
        0.08924774306373219,
        0.07460800064104521,
        0.010613027000754208,
        0.020549042915862882,
        0.00012529957035333037
      ],
      [
        0.80568406504965,
        0.07770467674200536,
        0.08498337686580995,
        0.009723991735453606,
        0.021778703227700404,
        0.0001251863793808865
      ],
      [
        0.7549374263438605,
        0.09670675563859248,
        0.1084808270918664,
        0.012874066150506283,
        0.026878157702408673,
        0.00012276707276566434
      ],
      [
        0.8327231719011113,
        0.06473950507151698,
        0.07230903281138767,
        0.008265574051848355,
        0.02183598599139494,
        0.00012673017274084675
      ],
      [
        0.058764002300573805,
        0.11799541674820203,
        0.14262670602946084,
        0.013223652963264075,
        0.6672635790071759,
        0.00012664295132335844
      ],
      [
        0.6850757472273438,
        0.12495157135931038,
        0.14653378273307077,
        0.015151827766987523,
        0.028167979047948474,
        0.00011909186533920127
      ],
      [
        0.6925973080347472,
        0.1113662236485418,
        0.1462280205046166,
        0.014072794249332929,
        0.03561610143632162,
        0.00011955212643987217
      ],
      [
        0.6805833137785516,
        0.11708981975879455,
        0.14664125328429709,
        0.014809908723942269,
        0.04075650692762998,
        0.00011919752678461004
      ],
      [
        0.6784753320194521,
        0.11457361019429757,
        0.1557506926984842,
        0.015008214346892111,
        0.03607331579605145,
        0.00011883494482248863
      ],
      [
        0.707937490324654,
        0.12201336289809174,
        0.13171604207865226,
        0.013311053032334862,
        0.02490202513099706,
        0.00012002653527005822
      ],
      [
        0.059564766946673516,
        0.12271086437213946,
        0.15343151924373552,
        0.013264520358497966,
        0.6509027138187227,
        0.00012561526023085684
      ],
      [
        0.03967373023620733,
        0.0636882271047239,
        0.057053394273463204,
        0.0062597392208382716,
        0.8331888406008079,
        0.00013606856395951457
      ],
      [
        0.8225215037474306,
        0.08426299248263876,
        0.07011903273805092,
        0.007996124566429131,
        0.014970516173304997,
        0.0001298302921455827
      ],
      [
        0.9305250371776518,
        0.02960842195007872,
        0.02627838368972845,
        0.003481375984963517,
        0.00997161310766857,
        0.0001351680899091687
      ],
      [
        0.9098975636484145,
        0.04171504791098635,
        0.033322908223720214,
        0.004256208611660717,
        0.010674231688955035,
        0.0001340399162634444
      ],
      [
        0.8166347748088131,
        0.082148362172647,
        0.07552920386892205,
        0.007631057364530479,
        0.01793083820991455,
        0.00012576357517250702
      ],
      [
        0.04635903011844287,
        0.07665423313171969,
        0.07256907990736208,
        0.009851946099612666,
        0.7944317700430408,
        0.0001339406998220051
      ],
      [
        0.7932567185693638,
        0.08672670261788404,
        0.0898021797436961,
        0.00955255703320146,
        0.02053737371110663,
        0.00012446832474805356
      ],
      [
        0.7807931673891346,
        0.07903876961216613,
        0.1034906934695793,
        0.01104550391556869,
        0.02551834243792351,
        0.00011352317562767438
      ],
      [
        0.7437935277428407,
        0.09716095652719514,
        0.11909217551298004,
        0.013099988252057585,
        0.02674167918479581,
        0.00011167278013081459
      ],
      [
        0.7986702289056279,
        0.07457100799702227,
        0.09069922282089289,
        0.010423194400630552,
        0.025521815036051058,
        0.00011453083977530578
      ],
      [
        0.04376235460930756,
        0.07666649249039856,
        0.08005075078114722,
        0.011052530971784148,
        0.7883455388382158,
        0.00012233230914675727
      ],
      [
        0.8304762668010394,
        0.06560758901413027,
        0.07506794470422455,
        0.009551205827349836,
        0.01918084143906425,
        0.00011615221419173281
      ],
      [
        0.8582271169430917,
        0.05578521782646296,
        0.05983006483312887,
        0.007187037230130005,
        0.018852915341491756,
        0.0001176478256946981
      ],
      [
        0.9154247383379601,
        0.04070777185933462,
        0.030038599146947127,
        0.0037313956552471003,
        0.009973919789555747,
        0.00012357521095521945
      ],
      [
        0.02868341046165593,
        0.02033785083915322,
        0.023054383082178793,
        0.003171700131786567,
        0.9246221553222486,
        0.00013050016297701177
      ],
      [
        0.860099911064876,
        0.05397677941017143,
        0.059758957621251746,
        0.007249257825661312,
        0.01879731300325151,
        0.00011778107478790048
      ],
      [
        0.8419883186893066,
        0.06486810470719842,
        0.06470250592170647,
        0.00873200047311987,
        0.019592259138966974,
        0.00011681106970156513
      ],
      [
        0.8423850047412651,
        0.06359160242468563,
        0.06650927629017775,
        0.008313066808083972,
        0.019084226979209633,
        0.00011682275657796971
      ],
      [
        0.8233482412517081,
        0.07197210194836838,
        0.07542379777701706,
        0.008184013955729626,
        0.02095604260002085,
        0.00011580246715588979
      ],
      [
        0.02762889868429159,
        0.02780942629872216,
        0.02854903043711451,
        0.004238068932274955,
        0.9116451229766248,
        0.00012945267097192083
      ],
      [
        0.8440159292349274,
        0.06373249201041221,
        0.06591884410528555,
        0.008421217714212495,
        0.01779467808412557,
        0.00011683885103679368
      ],
      [
        0.8646152910428971,
        0.05492342970656738,
        0.05612306790623791,
        0.008079438368184895,
        0.016140830832840524,
        0.00011794214327197072
      ],
      [
        0.030539008085582974,
        0.02990803037445196,
        0.028645383095902244,
        0.004286380739987218,
        0.906480684212888,
        0.00014051349118767283
      ],
      [
        0.028111772184146937,
        0.027341711869592344,
        0.02415128817189752,
        0.00430606084483788,
        0.9159476537462989,
        0.00014151318322642317
      ],
      [
        0.9654342895574076,
        0.01049393847827114,
        0.014011621125040072,
        0.001968746014500308,
        0.007954329496326252,
        0.0001370753284544825
      ],
      [
        0.956162656418793,
        0.01584567899573489,
        0.017005788189713537,
        0.001975278816640911,
        0.008873965480700938,
        0.00013663209841674036
      ],
      [
        0.9761279399796966,
        0.006785831664979039,
        0.008064655827466453,
        0.00045963879459819584,
        0.008424096168159397,
        0.00013783756510030802
      ],
      [
        0.9972509088338527,
        0.00016049055202827173,
        0.00017403040066063172,
        0.00013333677112958481,
        0.0021481320959019614,
        0.00013310134642679513
      ]
    ],
    [
      [
        0.9947963374834391,
        0.0035958172603000275,
        0.0011335508683866197,
        0.000244149313189145,
        0.0001024236812272074,
        0.0001277213934580352
      ],
      [
        0.045424174678706186,
        0.1143379409308135,
        0.12367631963812925,
        0.010787468950915988,
        0.7056458390470417,
        0.00012825675439348785
      ],
      [
        0.6830793354062917,
        0.27078971757193915,
        0.0004210666311717983,
        0.013815106033828498,
        0.031797421602790844,
        9.735275397812906e-05
      ],
      [
        0.7093419963092478,
        0.24484358374861315,
        0.0004315923003330639,
        0.011964849381879396,
        0.033320277112841176,
        9.770114708558081e-05
      ],
      [
        0.6814714101679219,
        0.26820143934178364,
        0.000350975186411659,
        0.012851757397339451,
        0.03702702001234299,
        9.739789420014174e-05
      ],
      [
        0.7912346967296042,
        0.16003218906946345,
        0.0001237090471158698,
        0.011569421632199085,
        0.03694111119599235,
        9.887232562496852e-05
      ],
      [
        0.6679383290746829,
        0.27586990040093406,
        0.00034531767147541107,
        0.015212728072344825,
        0.04053641021638036,
        9.731456418254713e-05
      ],
      [
        0.5476885315926671,
        0.37671543779652955,
        0.0007344003924693469,
        0.02162526160396256,
        0.05314037393178467,
        9.599468258662587e-05
      ],
      [
        0.40671846249707655,
        0.3884907630273825,
        0.0013481653011813747,
        0.022750221274802893,
        0.18057108401813082,
        0.00012130388142604485
      ],
      [
        0.5121377519918451,
        0.4122297433451266,
        0.0007318002534081914,
        0.023218735350253043,
        0.051586455030802836,
        9.551402856425004e-05
      ],
      [
        0.689695162724668,
        0.25782141947483933,
        0.000421301919846841,
        0.014366344042560542,
        0.03759822427290349,
        9.754756518168504e-05
      ],
      [
        0.7720375917644691,
        0.18765270596685374,
        0.00017267234624843603,
        0.011973207396874902,
        0.028065348155836733,
        9.84743697171891e-05
      ],
      [
        0.804387311420549,
        0.15406534602125846,
        0.00022739148870579804,
        0.010720041293622239,
        0.030500978115403633,
        9.893166046094069e-05
      ],
      [
        0.8734525821825845,
        0.10300264682084952,
        0.000752506216579127,
        0.007908952214456486,
        0.014751703685947958,
        0.00013160887958237475
      ],
      [
        0.006863831573301101,
        0.00018064558507335953,
        0.00019504072632771063,
        0.0001473638564288554,
        0.0021427385029603946,
        0.9904703797559086
      ],
      [
        0.03053696891636497,
        0.08076221532850665,
        0.0015950960226285271,
        0.007047662410621818,
        0.8799192144926016,
        0.00013884282927644867
      ],
      [
        0.047771968779142054,
        0.13084567798374522,
        0.00042769178547076434,
        0.010067676178941515,
        0.8107653342039988,
        0.00012165106870171225
      ],
      [
        0.8372606774173157,
        0.13424413004890876,
        0.00012407506660131175,
        0.008498722243930683,
        0.019772655766352648,
        9.973945689121101e-05
      ],
      [
        0.08106200330518623,
        0.25628884854756356,
        0.00044848547090797455,
        0.018666915091286776,
        0.6434199562713391,
        0.00011379131371648879
      ],
      [
        0.7161181505069584,
        0.24209561234144641,
        0.0003837347198110666,
        0.012777387533620429,
        0.028535145253030234,
        8.99696451335195e-05
      ],
      [
        0.6801988999753299,
        0.2669298636093884,
        0.0004394206222501347,
        0.016630720874150573,
        0.03571142720121165,
        8.96677176692637e-05
      ],
      [
        0.7408684163292398,
        0.21872303331202006,
        0.0003958190360999171,
        0.012087785936743605,
        0.027834662147034374,
        9.028323886223615e-05
      ],
      [
        0.7366089270739304,
        0.22243451642900872,
        0.00021220159514806337,
        0.011855260880294158,
        0.028798856375846112,
        9.023764577265225e-05
      ],
      [
        0.884425848441311,
        0.090748274327542,
        0.00011509112745249043,
        0.007489627591520734,
        0.01712774879140908,
        9.340972076460718e-05
      ],
      [
        0.03780702279669312,
        0.09448164150052832,
        0.00020539475978767987,
        0.006437072964218192,
        0.8609547249328173,
        0.00011414304595538108
      ],
      [
        0.024432374726393147,
        0.07088817954934833,
        0.0007498759533667982,
        0.00438994890909882,
        0.8994111297499902,
        0.00012849111180282782
      ],
      [
        0.042448177656438095,
        0.1322077370237731,
        0.0004200981103027788,
        0.008193673093401653,
        0.816618520734851,
        0.00011179338123337312
      ],
      [
        0.8866020780207075,
        0.09152085620909953,
        0.00011506571837523383,
        0.006655715588984059,
        0.01501283302004358,
        9.345144279022693e-05
      ],
      [
        0.8483964166411748,
        0.12207003060999301,
        0.0001145771828557108,
        0.009291125584012388,
        0.02003583777361467,
        9.201220834948723e-05
      ],
      [
        0.7565729684565417,
        0.2008140619233213,
        0.0001411740345859149,
        0.011731964056316649,
        0.030649293006329594,
        9.053852290488243e-05
      ],
      [
        0.7636514363762786,
        0.1912539156569561,
        0.0001934183780495837,
        0.012083770038301035,
        0.03272678440211131,
        9.067514830331644e-05
      ],
      [
        0.06461261527903052,
        0.19410918389797932,
        0.0005117640341334754,
        0.012695733774228326,
        0.7279631186952776,
        0.0001075843193507142
      ],
      [
        0.8408455782508407,
        0.12786574628151154,
        0.00011448721739793484,
        0.010402057674283684,
        0.02068040469450525,
        9.172588146088428e-05
      ],
      [
        0.87444181325568,
        0.1011261735115257,
        0.00011491211086502315,
        0.007365566905142626,
        0.016858516244008307,
        9.301797277823474e-05
      ],
      [
        0.8402077150430359,
        0.1334529775497514,
        0.00012407987496081555,
        0.008152259280468149,
        0.017963175607858886,
        9.979264392485525e-05
      ],
      [
        0.027310729964409985,
        0.10206464947544706,
        0.002917617168404841,
        0.005938736524319896,
        0.861630516345194,
        0.00013775052222418337
      ],
      [
        0.9051578361519906,
        0.08020624218295892,
        0.0012660860476796912,
        0.004471202204080794,
        0.008766316116363,
        0.00013231729692688045
      ],
      [
        0.9214209141992195,
        0.06509756503804456,
        0.0005295399892512557,
        0.004139128917612428,
        0.008679890710860583,
        0.00013296114501151895
      ],
      [
        0.9713848355936553,
        0.006605195408182081,
        0.012953493447416555,
        0.0006206206706466295,
        0.008298321573465352,
        0.0001375333066340393
      ],
      [
        0.9971056155778374,
        0.00016067603208986232,
        0.00017423147864242114,
        0.00013349101569829513,
        0.0022927306833841563,
        0.00013325521234790967
      ]
    ],
    [
      [
        0.9940146850756446,
        0.004404585283613856,
        0.0010246054680964729,
        0.0003260020872270486,
        0.00010241185217593185,
        0.00012771023324199975
      ],
      [
        0.6790391492496286,
        0.12932251778515397,
        0.14907738559473274,
        0.01445875684051968,
        0.027983441353143155,
        0.0001187491768220394
      ],
      [
        0.0638214848547933,
        0.27992057352195404,
        0.0011499369101229055,
        0.014617691686656886,
        0.6403769623738877,
        0.00011335065258514631
      ],
      [
        0.6076520417856629,
        0.3179192936412805,
        0.0007150107725593186,
        0.019561932765292264,
        0.05405493132913405,
        9.678970607094163e-05
      ],
      [
        0.6184265911731402,
        0.3102123939428559,
        0.0006035960473765484,
        0.019450189468957164,
        0.05121033990710076,
        9.688946056950952e-05
      ],
      [
        0.7541033842496596,
        0.19815589402605072,
        0.0002722281349814073,
        0.012540759147959076,
        0.03482938539691437,
        9.834904443485368e-05
      ],
      [
        0.7399953610735951,
        0.21119566656268873,
        0.00023078866845231507,
        0.013227933052681778,
        0.03525207416960876,
        9.817647297322549e-05
      ],
      [
        0.624403761125607,
        0.30612783223273865,
        0.0005663977863111593,
        0.0189962735734376,
        0.04980879520308145,
        9.69400788242231e-05
      ],
      [
        0.5520568579043961,
        0.36808983262541967,
        0.000678423888734405,
        0.023468583307430388,
        0.05561017267569952,
        9.612959831997595e-05
      ],
      [
        0.5679527579353927,
        0.35919829706709944,
        0.0005576313541680035,
        0.02232874812321467,
        0.049866332562264554,
        9.623295786060741e-05
      ],
      [
        0.7098010294812301,
        0.24166887212578655,
        0.0002952297476747606,
        0.013631264892716021,
        0.03450584465167643,
        9.775910091618408e-05
      ],
      [
        0.7745206283660002,
        0.18644180920441505,
        0.00012322488105585798,
        0.01116579559315977,
        0.02765005659113021,
        9.848536423889292e-05
      ],
      [
        0.0018119752705850589,
        0.00014360014580260314,
        0.00017927136261900332,
        0.0001331609667740867,
        0.00011466548040309438,
        0.9976173267738161
      ],
      [
        0.00554324154876617,
        0.0001812117104626474,
        0.00019563804634087942,
        0.00014780980900325368,
        0.0008689356813187292,
        0.9930631632041083
      ],
      [
        0.007340400966489086,
        0.00018062961403946456,
        0.00019502388317135287,
        0.00014735138448334096,
        0.0017443708307691705,
        0.9903922233210475
      ],
      [
        0.8844596502144393,
        0.09583641918834127,
        0.0005989314032908149,
        0.006791410141477295,
        0.012181759487998404,
        0.00013182956445278887
      ],
      [
        0.8390557632159784,
        0.13163093139424956,
        0.00012412333762941357,
        0.008797726617788654,
        0.020291649535963456,
        9.980589839025341e-05
      ],
      [
        0.08845907922530033,
        0.25256794312420644,
        0.00016243181060052753,
        0.016306075832735068,
        0.6423906793276458,
        0.000113790679511879
      ],
      [
        0.763175299661366,
        0.19469453685181992,
        0.0003823699076602197,
        0.01265536330980532,
        0.028994050554230887,
        9.837971511781979e-05
      ],
      [
        0.07476081627151197,
        0.28673545678091467,
        0.0009728788208081818,
        0.01971570710147676,
        0.617712543801735,
        0.00010259722355346202
      ],
      [
        0.6364508415001529,
        0.2981451077229605,
        0.0006883034896296621,
        0.019198587753784326,
        0.045427885170988995,
        8.927436248372895e-05
      ],
      [
        0.6574389384097387,
        0.27729405006000474,
        0.0005760030282670605,
        0.01899797685585794,
        0.04560347073423312,
        8.956091189851734e-05
      ],
      [
        0.7202763055088512,
        0.22881976186230205,
        0.0003353636209407832,
        0.014800908830475891,
        0.03567747938833478,
        9.018078909510494e-05
      ],
      [
        0.7644269208022347,
        0.1832678836511783,
        0.0001136212737775848,
        0.014555393034384254,
        0.03754537139192815,
        9.080984649682847e-05
      ],
      [
        0.8497044267991865,
        0.12267014356971616,
        0.00011455756001099238,
        0.008384325564734722,
        0.019034497543110093,
        9.204896324149019e-05
      ],
      [
        0.8514587649496574,
        0.12550600441126974,
        0.0005446654881332232,
        0.008654015984987589,
        0.01371613720000325,
        0.00012041196594870554
      ],
      [
        0.7128510407686072,
        0.2516050423424527,
        0.0001123930234203288,
        0.012520491694414293,
        0.02282120398255608,
        8.982818854938788e-05
      ],
      [
        0.06512206486002371,
        0.2044884840681179,
        0.0002853534178675165,
        0.015054324887397998,
        0.7149427384566793,
        0.00010703430991352317
      ],
      [
        0.7769884622422292,
        0.18027467116601462,
        0.0002246052325247564,
        0.01326146092729813,
        0.029159978933326572,
        9.082149860689074e-05
      ],
      [
        0.7475590068823238,
        0.20803216289189685,
        0.0003563254907029187,
        0.013803500152901651,
        0.03015855959917444,
        9.044498300045465e-05
      ],
      [
        0.66262729555732,
        0.2759015446494177,
        0.00043896581934108384,
        0.019807405104657543,
        0.04113521324199964,
        8.957562726403979e-05
      ],
      [
        0.7245683412968971,
        0.2291119963409901,
        0.0003602773348711994,
        0.014540127599532405,
        0.03132909361490972,
        9.016381279948581e-05
      ],
      [
        0.7895814402507612,
        0.17160384798904568,
        0.00023047974888343003,
        0.011994836927448984,
        0.026498468682182454,
        9.092640167834692e-05
      ],
      [
        0.7849584440718549,
        0.1781916246943244,
        0.00011365392100133846,
        0.013121852576591011,
        0.023523588797000096,
        9.08359392282251e-05
      ],
      [
        0.04425303663668122,
        0.08438237198682916,
        0.00020064987087783134,
        0.005700369699334868,
        0.8653390150534261,
        0.00012455675285081666
      ],
      [
        0.8753158705895885,
        0.10640890792286282,
        0.0007344820182795073,
        0.006566220275289044,
        0.01084302747209198,
        0.00013149172188805882
      ],
      [
        0.8944473570987705,
        0.08947653208521393,
        0.0013070124038715217,
        0.005108486652565929,
        0.009528657257804888,
        0.00013195450177301977
      ],
      [
        0.9183363434312496,
        0.06817582111509941,
        0.0005936950282213496,
        0.004408086110623121,
        0.008353226607550831,
        0.00013282770725575984
      ],
      [
        0.974311041332574,
        0.00493210887895276,
        0.012064627532950227,
        0.0006716540872674182,
        0.007882921030616523,
        0.0001376471376391319
      ],
      [
        0.9970420932562901,
        0.00016080916628482457,
        0.00017437582272114067,
        0.00013360168925878778,
        0.002355754421031976,
        0.00013336564441315707
      ]
    ],
    [
      [
        0.9936239830374097,
        0.004363376222758695,
        0.00137043194532575,
        0.0004121259391517658,
        0.00010239382971888838,
        0.00012768902563509662
      ],
      [
        0.059852365630374986,
        0.11827153987551424,
        0.1563435816640909,
        0.01180511258138883,
        0.6536017159784661,
        0.00012568427016499396
      ],
      [
        0.5857365107915994,
        0.342193492492271,
        0.0007834731443244875,
        0.018880909594939585,
        0.05230916526772362,
        9.644870914186943e-05
      ],
      [
        0.3444327900540538,
        0.4697153294451615,
        0.0010940199505177944,
        0.026333801070412624,
        0.1583061769107085,
        0.00011788256914564852
      ],
      [
        0.00010792021326578288,
        0.016341454820057954,
        0.0015784664941147317,
        0.000743176521356721,
        0.00011239941896409794,
        0.9811165825322408
      ],
      [
        0.6899079125251046,
        0.25079778842516126,
        0.00030976169595205605,
        0.016603808517036977,
        0.04228305935229574,
        9.766948444944757e-05
      ],
      [
        0.00010987799540370779,
        0.0010191228549357731,
        0.0001792999528924837,
        0.00013318305841671676,
        0.0008364814459312298,
        0.99772203469242
      ],
      [
        0.07636620103726025,
        0.15549024530094838,
        0.0006518104439588817,
        0.01203148216448938,
        0.7553408952881095,
        0.00011936576523350293
      ],
      [
        0.7278549811395637,
        0.22093615456416896,
        0.00031408712853245346,
        0.013969066614852954,
        0.03682766097691053,
        9.804957597147725e-05
      ],
      [
        0.6904399633411147,
        0.24731226408682383,
        0.00024406568608928596,
        0.01766730987129888,
        0.0442386679968414,
        9.772901783196866e-05
      ],
      [
        0.7722158889837581,
        0.18219667958094007,
        0.00012332165832258586,
        0.012082719678778628,
        0.033282827386397866,
        9.856271180281078e-05
      ],
      [
        0.0003633017414787786,
        0.0005100941800618086,
        0.00017945220172455433,
        0.00013329620663518073,
        0.00041802829755005423,
        0.9983958273725496
      ],
      [
        0.8440721374148792,
        0.12359200129802478,
        0.00012427247333569728,
        0.009627982062677315,
        0.022483564792032538,
        0.0001000419590505478
      ],
      [
        0.006412013180085312,
        0.00018076066388498474,
        0.0001951621410161882,
        0.00014745446042618122,
        0.0020574458688632086,
        0.9910071636857242
      ],
      [
        0.8827643844215841,
        0.09380296497870669,
        0.0011754366909366152,
        0.008098883785212719,
        0.014026457258337283,
        0.00013187286522254658
      ],
      [
        0.8779660168853186,
        0.09960558410218748,
        0.00018039515567972911,
        0.007892492747153637,
        0.014223810350641007,
        0.00013170075901965244
      ],
      [
        0.07147881115795134,
        0.19605063723409794,
        0.00025003091497799896,
        0.01159928050239406,
        0.7205038932062943,
        0.00011734698428453472
      ],
      [
        0.7345387504712138,
        0.21682840364376654,
        0.00012274871561808592,
        0.014554256337699233,
        0.03385773603449026,
        9.810479721237095e-05
      ],
      [
        0.7016727385538793,
        0.24588887543031393,
        0.0004567784202806476,
        0.014797748521739968,
        0.037086148324153634,
        9.771074963242845e-05
      ],
      [
        0.64437041538043,
        0.28965364844228714,
        0.000716322346595715,
        0.018610888817461035,
        0.046559335438986535,
        8.938957423966041e-05
      ],
      [
        0.4012804473400537,
        0.4150039607427379,
        0.0012374965794977547,
        0.027843678955304034,
        0.15452496186806905,
        0.00010945451433757817
      ],
      [
        0.13509429539918774,
        0.2687794085501314,
        0.0011540029602166734,
        0.018151269425517334,
        0.5767193710469816,
        0.00010165261796520358
      ],
      [
        0.6987569191753182,
        0.25056954782273416,
        0.0004168695912590965,
        0.01371760526448208,
        0.03644917982502463,
        8.987832118180596e-05
      ],
      [
        0.7557925951630369,
        0.19093284667615412,
        0.0001134974778726503,
        0.015641438279404743,
        0.03742891149878008,
        9.07109047515877e-05
      ],
      [
        0.7892303428264397,
        0.16560119466981568,
        0.0001139007157407706,
        0.014635030798791042,
        0.03032849780353891,
        9.103318567388566e-05
      ],
      [
        0.8639803214834374,
        0.11049812593314579,
        0.00016233503084676313,
        0.009222061626007293,
        0.01601616742157722,
        0.00012098850498545574
      ],
      [
        0.05086233632186713,
        0.12380192336385455,
        0.00025283266952668104,
        0.00867620306499956,
        0.8162947867547931,
        0.00011191782495904584
      ],
      [
        0.09095699955827212,
        0.2518151963349759,
        0.00016270506434658714,
        0.01883317513389894,
        0.6381281858674961,
        0.00010373804101038782
      ],
      [
        0.09665932429791253,
        0.3159812087643894,
        0.0007858955725268795,
        0.02011475955824697,
        0.5663582559001056,
        0.00010055590681859286
      ],
      [
        0.08708971790836807,
        0.3037601897153278,
        0.0010166034298712226,
        0.01993902179204373,
        0.588093044118038,
        0.00010142303635126149
      ],
      [
        0.676797143976626,
        0.2581198042006646,
        0.0007381246274262855,
        0.01780393534879966,
        0.04645117651536076,
        8.981533112244157e-05
      ],
      [
        0.08460670245344205,
        0.3004543052772945,
        0.0010155012361494037,
        0.019946249631227188,
        0.5938755895876972,
        0.00010165181418976848
      ],
      [
        0.6903915279212212,
        0.2571688243631398,
        0.0003739478802686533,
        0.018700266411658926,
        0.03327562642081028,
        8.980700290113649e-05
      ],
      [
        0.07925763372586205,
        0.2202528755849632,
        0.0001952611053882239,
        0.017161963020313118,
        0.6830265798990296,
        0.00010568666444391759
      ],
      [
        0.7481397961202432,
        0.2116629125809134,
        0.00012280676338614183,
        0.013938102798041084,
        0.026038230546524557,
        9.815119089140115e-05
      ],
      [
        0.8441291385933452,
        0.13552629209006659,
        0.0001855257527424644,
        0.007550562353440082,
        0.012477901904901091,
        0.00013057930550453356
      ],
      [
        0.8897054023491903,
        0.09419772941761796,
        0.0012518697635243374,
        0.005044347289993308,
        0.009668851331106397,
        0.00013179984856768768
      ],
      [
        0.9037885862911512,
        0.08087942242096476,
        0.0007539442498587356,
        0.005071265474974719,
        0.009374422911504249,
        0.00013235865154622705
      ],
      [
        0.9730941276436423,
        0.005522607627884926,
        0.012019729336351015,
        0.0008562883391687971,
        0.008369728574493652,
        0.00013751847845935812
      ],
      [
        0.9966689476256696,
        0.0001607986213548985,
        0.000174364259448131,
        0.00013359330000052292,
        0.0027289392014349955,
        0.00013335699209204087
      ]
    ],
    [
      [
        0.9944488921955436,
        0.00396071281114392,
        0.0010020311208403681,
        0.0003581769700797165,
        0.00010244158638104806,
        0.00012774531601142028
      ],
      [
        0.7056550458610545,
        0.11679085386406393,
        0.13443694332657571,
        0.014747783509864464,
        0.028249264147920356,
        0.00012010929052115322
      ],
      [
        0.07165028132190651,
        0.2654080841500548,
        0.001089237701912502,
        0.0155047715121572,
        0.6462338685131381,
        0.00011375680083085267
      ],
      [
        0.6108226446942847,
        0.31476350599949326,
        0.0007320131317114334,
        0.0194670593425652,
        0.05411794471699576,
