[
  [
    [
      [
        0.9965088025831746,
        0.0018130252984910548,
        0.0007905857035748542,
        0.0002649902992562846,
        0.0005052783217755844,
        0.00011731779372764805
      ],
      [
        0.9960498915226278,
        0.00278635084508466,
        0.0004393261397847268,
        0.0002802247098607806,
        0.00032684957433661206,
        0.00011735720830539336
      ],
      [
        0.995117004983271,
        0.003334061158004379,
        0.0007718097497624489,
        0.0003328405584912229,
        0.00032690171909421125,
        0.00011738183137680963
      ],
      [
        0.9945282980511779,
        0.0034612322654739877,
        0.0007765912451568104,
        0.00036754995554120004,
        0.0007490799518465148,
        0.00011724853080355404
      ],
      [
        0.9954267769494779,
        0.002924508377170057,
        0.0006672973843734674,
        0.0003638538831414526,
        0.0005003149897954517,
        0.0001172484160417279
      ],
      [
        0.9964581339752163,
        0.002159919456241138,
        0.0004381702389491644,
        0.0003291146212621675,
        0.0004974955605137468,
        0.00011716614781748316
      ],
      [
        0.9985807193075456,
        0.00010539224719179069,
        0.00017234201133060748,
        0.00018956433099742966,
        0.0008347656784768254,
        0.00011721642445790437
      ],
      [
        0.9983767553201063,
        0.00010538186891770539,
        0.0001003137146314557,
        8.10316784556032e-05,
        0.001219627925595713,
        0.00011688949229316009
      ],
      [
        0.9985749638934956,
        0.00010538086680897196,
        0.00010031276071736639,
        8.298269938115135e-05,
        0.0010194976175348029,
        0.00011686216206210855
      ],
      [
        0.9983795916146212,
        0.00010538853356438426,
        0.00010032005875375993,
        0.0001575159256912922,
        0.0011401160120776866,
        0.00011706785529170051
      ],
      [
        0.9984261869028784,
        0.00018934200413886327,
        0.0003960788548007872,
        0.0002026866844933253,
        0.0006686045779058322,
        0.000117100975782828
      ],
      [
        0.9976283004434702,
        0.0009975745855922266,
        0.0003970021293358384,
        0.00020643445663388638,
        0.0006532361048481845,
        0.00011745228011981127
      ],
      [
        0.9975175070944635,
        0.0011825547950218428,
        0.00046203671826611513,
        0.0002201068783339526,
        0.0005004732668452565,
        0.00011732124706929811
      ],
      [
        0.996706251886104,
        0.0018292808892326233,
        0.0006487837075333652,
        0.0002213788084787315,
        0.00047687263972270665,
        0.00011743206892859337
      ],
      [
        0.9975575226751986,
        0.001329303015738764,
        0.0003115696210874634,
        0.00018140287957060076,
        0.0005028258977829756,
        0.00011737591062176985
      ],
      [
        0.9980983599894918,
        0.0009228745017539126,
        0.0002610447655110756,
        0.00016897083341641173,
        0.0004312886592777704,
        0.00011746125054887339
      ],
      [
        0.9981279121417471,
        0.0006292597413583401,
        0.00010031128457590364,
        6.88917369314469e-05,
        0.0009564217704099667,
        0.00011720332497723548
      ],
      [
        0.9976060988143373,
        0.001314768849810144,
        0.00011631506508153992,
        8.736026111845523e-05,
        0.0007519332316551095,
        0.00012352377799754272
      ],
      [
        0.9977032615914103,
        0.0008261569069947381,
        0.00011610853625709917,
        7.671793029792243e-05,
        0.0011544526648418806,
        0.00012330237019793204
      ],
      [
        0.9973893391152974,
        0.0010531542481365746,
        0.0001160265663341555,
        7.358669663925107e-05,
        0.001244677639193834,
        0.00012321573439881808
      ],
      [
        0.9976332816632191,
        0.000613662936254212,
        0.000115903665068405,
        6.219044213815817e-05,
        0.0014518778103446673,
        0.00012308348297544278
      ],
      [
        0.9980597657678673,
        0.0006139904964406679,
        0.00011606037324400799,
        6.227454237525519e-05,
        0.0010246585916408822,
        0.00012325022843186025
      ],
      [
        0.9974752458354591,
        0.000986402782682549,
        0.00011605818231572491,
        7.12371874416379e-05,
        0.0012278068021848298,
        0.00012324920991597433
      ],
      [
        0.9975633912090808,
        0.000853172904186766,
        0.00011603805752710668,
        7.12338528556615e-05,
        0.0012729365928122965,
        0.0001232273835373267
      ],
      [
        0.9980824602821509,
        0.0006139883116094877,
        0.00011606241043124462,
        6.227562357653846e-05,
        0.0010019609881209888,
        0.0001232523841109392
      ],
      [
        0.9976260325222411,
        0.00061352033421126,
        0.00011587970086332917,
        6.217754042576334e-05,
        0.001459331959134424,
        0.00012305794312422668
      ],
      [
        0.9977763623627638,
        0.0003155810593321428,
        0.0001157484102091435,
        7.328967302515034e-05,
        0.00159610125983493,
        0.00012291723483493432
      ],
      [
        0.9976390693394864,
        0.0007875893239306779,
        0.0001160387245217886,
        7.462831359852472e-05,
        0.0012594463977238506,
        0.00012322790073895335
      ],
      [
        0.9986096063446697,
        0.0006193485166565704,
        0.00012572745497967832,
        7.080495390060714e-05,
        0.0004508347787286057,
        0.0001236779510649816
      ],
      [
        0.9984020212193147,
        0.0009262981903933484,
        0.00019928559802658127,
        5.89349980934665e-05,
        0.0002960136768870826,
        0.00011744631728492477
      ],
      [
        0.9964847101706743,
        0.0021179837410922327,
        0.000670020178572202,
        0.00016008362373997454,
        0.00044979345562720093,
        0.000117408830294009
      ],
      [
        0.9945666112503037,
        0.004042468831891867,
        0.000724934280070416,
        0.00027770273709784365,
        0.000270911725748485,
        0.00011737117488763706
      ],
      [
        0.994059226486231,
        0.004351966334591849,
        0.0008767730270608509,
        0.00032409537237234167,
        0.000270614616662844,
        0.00011732416308098326
      ],
      [
        0.9928835643201378,
        0.00504032179590546,
        0.0009936685145776668,
        0.00035246689435212427,
        0.0006127345299637823,
        0.00011724394506305006
      ],
      [
        0.9932183510711835,
        0.004707158938559875,
        0.0013571485740504967,
        0.00032985095731628594,
        0.0002702123927230877,
        0.00011727806616681
      ],
      [
        0.9938342910039547,
        0.004303566477321428,
        0.0011890245594042479,
        0.0002852868869834456,
        0.0002705431102651789,
        0.00011728796207106624
      ],
      [
        0.9967896493989948,
        0.0019614266962056206,
        0.0005446150946471372,
        0.0001386263407396786,
        0.00044846459418158407,
        0.00011721787523105178
      ],
      [
        0.99825760996762,
        0.0009162469208646939,
        0.0003604002234584761,
        5.308440300756311e-05,
        0.0002954340998520233,
        0.00011722438519733944
      ],
      [
        0.9991171468617975,
        0.00030271356815310364,
        0.00011629573614904977,
        6.240050602119425e-05,
        0.0002779437022007873,
        0.00012349962567843187
      ],
      [
        0.9989650801342341,
        0.00021461844837593035,
        0.00035612361631112477,
        6.241597038310656e-05,
        0.0002782312593729387,
        0.00012353057132275636
      ]
    ],
    [
      [
        0.9976600970065025,
        0.0011563271857185826,
        0.00032133418306933264,
        0.0001915168561473148,
        0.0005534678318003297,
        0.00011725693676206514
      ],
      [
        0.8383764603993318,
        0.07998913395435081,
        0.0531408409672419,
        0.005155266810542377,
        0.02321844028903071,
        0.0001198575795025822
      ],
      [
        0.7425750336049591,
        0.09378671926888829,
        0.10786255518760256,
        0.009831281612268246,
        0.04582420680943752,
        0.00012020351684416493
      ],
      [
        0.7871599560842181,
        0.07819316698115257,
        0.08264482443449982,
        0.008058824073915451,
        0.04383268508985497,
        0.00011054333635919824
      ],
      [
        0.8125208675384121,
        0.06975965396079639,
        0.07111405685327984,
        0.00673053058570985,
        0.03976371435305811,
        0.00011117670874381027
      ],
      [
        0.8793469483142987,
        0.04560898117921615,
        0.04447500318655084,
        0.004489339787358227,
        0.025968793257992097,
        0.00011093427458392736
      ],
      [
        0.8761860190634311,
        0.04262256140885385,
        0.055377093339043754,
        0.004116925451155727,
        0.02158654043914026,
        0.00011086029837521766
      ],
      [
        0.9306064103362143,
        0.024195942075643528,
        0.02804890136246649,
        0.0026700354013931833,
        0.014367863627719414,
        0.00011084719656312077
      ],
      [
        0.919319498041548,
        0.028782905125499293,
        0.03361642824388775,
        0.003097686069416663,
        0.015072663695500846,
        0.00011081882414757002
      ],
      [
        0.8196377061853555,
        0.06467587269648331,
        0.08206648479560133,
        0.005725765581762845,
        0.027783907800008383,
        0.00011026294078861129
      ],
      [
        0.06614014867520987,
        0.05608762882313184,
        0.07132928012927889,
        0.005683081539142974,
        0.8006412744558772,
        0.00011858637735935898
      ],
      [
        0.7632860567364145,
        0.06632103517898745,
        0.13953507794660924,
        0.004982186965593505,
        0.025765212522204657,
        0.0001104306501906807
      ],
      [
        0.7138007269502131,
        0.08140614194091961,
        0.16679530320657493,
        0.006402602174182119,
        0.03148416684722064,
        0.00011105888088960999
      ],
      [
        0.07197134696883799,
        0.15870840146458393,
        0.08749059431661857,
        0.007920585162572437,
        0.673790684881916,
        0.00011838720547103929
      ],
      [
        0.8314414548252759,
        0.06744467806464403,
        0.07505151317410061,
        0.00527317796640221,
        0.02067822035041178,
        0.00011095561916550349
      ],
      [
        0.03751955847801553,
        0.04155512345106173,
        0.03244230117280324,
        0.0034272630276084596,
        0.8849353211055664,
        0.00012043276494470232
      ],
      [
        0.9065402694253144,
        0.038640282580608185,
        0.03757125493907624,
        0.0032044016436926343,
        0.013932841171578716,
        0.00011095023972979835
      ],
      [
        0.03456862055776933,
        0.03740994868903223,
        0.02980473543011489,
        0.0030538323997287287,
        0.8950422834817284,
        0.00012057944162646421
      ],
      [
        0.9288896037344417,
        0.03135115961884165,
        0.025514920887336767,
        0.002507300528000188,
        0.011616699960157802,
        0.00012031527122210915
      ],
      [
        0.9319097873063931,
        0.02818061025837594,
        0.02567325657161038,
        0.002155626135357256,
        0.011960513716411585,
        0.00012020601185178581
      ],
      [
        0.9476327379740785,
        0.021469404676476782,
        0.019011585476184593,
        0.0016174430935654205,
        0.010157752498512277,
        0.00011107628118246404
      ],
      [
        0.02561788906855067,
        0.022104914524724524,
        0.01650013956443083,
        0.0018044083388794494,
        0.9338481190843404,
        0.00012452941907419493
      ],
      [
        0.9289041518215608,
        0.0360607840342332,
        0.020492689850658247,
        0.0018461696829753212,
        0.012580376118224814,
        0.00011582849234763898
      ],
      [
        0.919609510014915,
        0.0429041959302004,
        0.023882899277184212,
        0.0025076320913380726,
        0.010980034883302637,
        0.0001157278030596979
      ],
      [
        0.023813335338765687,
        0.02301921474663289,
        0.016338277330183077,
        0.0016353324256734565,
        0.9350693256635,
        0.00012451449524481466
      ],
      [
        0.9323119169232529,
        0.03520658422256159,
        0.020414924782160483,
        0.0019099856750183011,
        0.010040888609674229,
        0.0001156997873325168
      ],
      [
        0.9535692759104152,
        0.021841868292556958,
        0.014205786632088284,
        0.0015844463375519861,
        0.008682868910112117,
        0.00011575391727523373
      ],
      [
        0.9340427954592052,
        0.0336777391142604,
        0.020298438303329856,
        0.0020367610780040336,
        0.009828521725791338,
        0.00011574431940917506
      ],
      [
        0.02519948910717358,
        0.028779425804784785,
        0.019891007934691875,
        0.001703106709012409,
        0.9243025886114633,
        0.0001243818328739335
      ],
      [
        0.9208904634948719,
        0.03403917469404582,
        0.030322530786189343,
        0.0025020329230981565,
        0.012135122968911217,
        0.00011067513288350779
      ],
      [
        0.039658530858036216,
        0.056478977241395605,
        0.0573143284667404,
        0.004031859207792942,
        0.8423964763684528,
        0.00011982785758203573
      ],
      [
        0.8105862191125438,
        0.07109892570788517,
        0.08685219273820877,
        0.0057588873831976055,
        0.025592277358741627,
        0.00011149769942294566
      ],
      [
        0.7134383959359284,
        0.10333738620432852,
        0.1391726873039688,
        0.008691158920476696,
        0.03524922837475221,
        0.00011114326054549322
      ],
      [
        0.6175709373061393,
        0.19514152656789727,
        0.14078566455191252,
        0.008751539153462013,
        0.037638509100158535,
        0.000111823320430384
      ],
      [
        0.6152312175909461,
        0.11614085945356273,
        0.22348202818527807,
        0.009314568359927862,
        0.0357195360653647,
        0.0001117903449204682
      ],
      [
        0.7712774683567319,
        0.0907079691649738,
        0.1020505005058356,
        0.00682562451439217,
        0.02901827462038721,
        0.000120162837679443
      ],
      [
        0.7955392051923912,
        0.08442803019148629,
        0.09136698160755924,
        0.006747587435340898,
        0.02179833699738707,
        0.00011985857583534921
      ],
      [
        0.9021112398461942,
        0.04233358015489495,
        0.03887152710959476,
        0.0028875195215457513,
        0.013676364375401215,
        0.0001197689923690142
      ],
      [
        0.9448363207658077,
        0.028737623862046386,
        0.015786005615645377,
        0.0019164198323223837,
        0.008598046838732618,
        0.00012558308544551367
      ],
      [
        0.9992462889786161,
        0.00017394031938652518,
        0.0001161431808785174,
        6.231823483439391e-05,
        0.0002779726663788616,
        0.00012333661990552005
      ]
    ],
    [
      [
        0.9970959574481809,
        0.0013488247745010512,
        0.0004809327971271205,
        0.0002542878301972082,
        0.0007027071180996912,
        0.00011729003189405003
      ],
      [
        0.7756877877897791,
        0.08741290386913263,
        0.09553497731125112,
        0.007530765551446296,
        0.0337139776240597,
        0.00011958785433121162
      ],
      [
        0.13237749610635646,
        0.2549283940767529,
        0.0008432963668584617,
        0.012044288422232615,
        0.5996934537403172,
        0.00011307128748218618
      ],
      [
        0.4860311713314154,
        0.30570673559829187,
        0.00042049612131342374,
        0.012044114436510798,
        0.19568273923177085,
        0.00011474328069765483
      ],
      [
        0.7040996772471656,
        0.2356472224694883,
        0.00030065988817459056,
        0.007166940992398404,
        0.05269347777270902,
        9.202163006404185e-05
      ],
      [
        0.7916134262040321,
        0.15914876191371624,
        9.265893019987248e-05,
        0.00732593505743388,
        0.04172724559377372,
        9.197230084439309e-05
      ],
      [
        0.860883064586203,
        0.10346576920620822,
        9.269451874656766e-05,
        0.0052644699675940595,
        0.030201994095578458,
        9.200762566970892e-05
      ],
      [
        0.058217816178146455,
        0.1076810039459877,
        0.00020630930773531857,
        0.005440799768847805,
        0.8283482379674286,
        0.0001058328318540521
      ],
      [
        0.8424492996130936,
        0.12620173581988156,
        9.25596729932707e-05,
        0.005335491481478491,
        0.02582903963339076,
        9.187377916227498e-05
      ],
      [
        0.06994778171996388,
        0.09543830678706498,
        0.0001560765880688316,
        0.0051958377640082265,
        0.8291548253521727,
        0.00010717178872138445
      ],
      [
        0.7535731962119492,
        0.1937714994044654,
        0.00015491686601967452,
        0.007584257789844107,
        0.04482429326208232,
        9.183646563942516e-05
      ],
      [
        0.09508777408496011,
        0.24845851600859165,
        0.00043123685562025855,
        0.006842449067281856,
        0.6490758236553098,
        0.00010420032823622588
      ],
      [
        0.7043292144592941,
        0.24061138247051203,
        0.00035221714230534176,
        0.006806592016448496,
        0.04780865655252099,
        9.193735891898082e-05
      ],
      [
        0.6146524268026794,
        0.3259494815998218,
        0.0002697454650550328,
        0.010530901639117731,
        0.04850560866241028,
        9.183583091581702e-05
      ],
      [
        0.7882516447421675,
        0.1728934695107396,
        0.00016377719608795193,
        0.007353557764539488,
        0.031245704309329086,
        9.184647713636186e-05
      ],
      [
        0.05027587269279933,
        0.10658924608932999,
        0.00016794736947182604,
        0.004561219387303066,
        0.8382996170796265,
        0.00010609738146920031
      ],
      [
        0.8292557578945803,
        0.13686182585801174,
        9.25635422212514e-05,
        0.005864576867771466,
        0.0278333982176972,
        9.187761971816216e-05
      ],
      [
        0.057694001565439315,
        0.1518418502522851,
        9.633618099200569e-05,
        0.006185786383152677,
        0.7840766172304039,
        0.00010540838772709883
      ],
      [
        0.8871752581673489,
        0.09037933507976688,
        0.00010029738305046843,
        0.003997055964643475,
        0.01824849925463069,
        9.955415055974505e-05
      ],
      [
        0.9246144046120768,
        0.058431052107744345,
        0.00010031107283047671,
        0.002565050788904601,
        0.014189613679549335,
        9.956773889454127e-05
      ],
      [
        0.03719478265046706,
        0.10388271292572195,
        0.0005564945676610204,
        0.0037711958526740206,
        0.8544883879199683,
        0.00010642608350766603
      ],
      [
        0.869529593316775,
        0.10967271869248688,
        9.246474717981645e-05,
        0.003886656855982399,
        0.01672678683079929,
        9.177955677643392e-05
      ],
      [
        0.8317916437630863,
        0.13945320875019987,
        9.247531711577766e-05,
        0.005310308886684878,
        0.023260573234526974,
        9.179004838612588e-05
      ],
      [
        0.044940932955910805,
        0.11468060774699508,
        0.00045732730938145887,
        0.004196976908394585,
        0.8356179217078608,
        0.00010623337145737077
      ],
      [
        0.8931883570453354,
        0.08943746649221498,
        9.249309976406289e-05,
        0.003213241049028733,
        0.013976634614397014,
        9.180769925986649e-05
      ],
      [
        0.028010681496482184,
        0.06859851590442158,
        0.0003044636126272405,
        0.0018436578671825457,
        0.9011353141222624,
        0.00010736699702387824
      ],
      [
        0.895929085397137,
        0.08718369270307529,
        9.247310451939015e-05,
        0.0028451638817371333,
        0.013857797061345352,
        9.178785218571474e-05
      ],
      [
        0.9350416349372316,
        0.05344438413469954,
        0.0002745311644021961,
        0.0024115466699637725,
        0.008713711024224632,
        0.00011419206947823525
      ],
      [
        0.02214011765969682,
        0.05430698459542852,
        0.00040212188337079754,
        0.0016846060176093193,
        0.9213432740462086,
        0.0001228957976860332
      ],
      [
        0.04520647928073938,
        0.10694333195864783,
        9.675401424460017e-05,
        0.004575043572477351,
        0.84307173096458,
        0.00010666020931083165
      ],
      [
        0.8394446342577537,
        0.13078825856116863,
        0.0001192501369911566,
        0.0048281597009247655,
        0.02472789565503177,
        9.180168812990483e-05
      ],
      [
        0.6306372764185352,
        0.32547304239326164,
        0.00031119139060340075,
        0.009167343359884747,
        0.03431950735214479,
        9.16390855701676e-05
      ],
      [
        0.5920828714963101,
        0.3514381653961537,
        0.0004550168264220967,
        0.010058200919195725,
        0.04587409525564004,
        9.165010627829436e-05
      ],
      [
        0.41234758824476875,
        0.39039949428299026,
        0.0007649986273562706,
        0.011164522792878297,
        0.18521012383724572,
        0.00011327221476066273
      ],
      [
        0.5530778740505327,
        0.394772470388749,
        0.00047614860540281487,
        0.010239630509990062,
        0.04134245572764008,
        9.142071768531145e-05
      ],
      [
        0.6729266095777615,
        0.2816186403850001,
        0.000344368535387981,
        0.009529369668537485,
        0.035481843813334885,
        9.91680199780223e-05
      ],
      [
        0.8171385405674507,
        0.15543600652293418,
        0.00031119351388213875,
        0.004637644840798888,
        0.022377309403308142,
        9.930515162592933e-05
      ],
      [
        0.8894621146214879,
        0.09232629133266246,
        0.0002422313243688452,
        0.0036146139131245595,
        0.01425525850536436,
        9.949030299182714e-05
      ],
      [
        0.9399987314943158,
        0.029128561855567465,
        0.01938436021153116,
        0.0020197737020500235,
        0.009343018981830141,
        0.0001255537547053869
      ],
      [
        0.9991166524518921,
        0.0003030103706413516,
        0.0001162449443129606,
        6.237315118821839e-05,
        0.0002782735957048071,
        0.00012344548626046364
      ]
    ],
    [
      [
        0.9969881666118833,
        0.0013956487517365586,
        0.0003966223307149628,
        0.00025600753685081455,
        0.0008463490462419906,
        0.00011720572257255469
      ],
      [
        0.8092373372696259,
        0.07919827193434689,
        0.07316078507695185,
        0.006407110586728232,
        0.031876579161574325,
        0.00011991597077292435
      ],
      [
        0.0943620753835423,
        0.2315648727766828,
        0.00044669259049984173,
        0.008609479870768455,
        0.664903892816407,
        0.0001129865620995649
      ],
      [
        0.11677473531621356,
        0.2661559907735763,
        0.0004345820646394775,
        0.009062955725090843,
        0.6074668287544567,
        0.00010490736602318766
      ],
      [
        0.7057705462563503,
        0.2411645551373022,
        0.0001548490226490067,
        0.0074146177652585086,
        0.04540345702081019,
        9.197479762991195e-05
      ],
      [
        0.12084237009747083,
        0.24429837097590063,
        0.00033829508101670996,
        0.00882690723851943,
        0.6255887293527007,
        0.00010532725439158481
      ],
      [
        0.7628409846550864,
        0.1901840796720808,
        0.00015591596393046853,
        0.006072577630362057,
        0.04065435306219726,
        9.20890163429367e-05
      ],
      [
        0.06509876744606997,
        0.1652947697703859,
        9.681576011036438e-05,
        0.004266012306918371,
        0.7651376812461952,
        0.00010595347032028847
      ],
      [
        0.8676909883321673,
        0.09851937173053447,
        9.266577919483215e-05,
        0.0047379887312601855,
        0.028867006327756833,
        9.197909908632777e-05
      ],
      [
        0.11041444737896745,
        0.16253350896336563,
        0.0002997124229681094,
        0.006884124325626092,
        0.7197630929543624,
        0.00010511395471023262
      ],
      [
        0.11467274515945441,
        0.2633123662429724,
        0.00045471722884235635,
        0.0085993402183369,
        0.6128565296943475,
        0.00010430145604645908
      ],
      [
        0.10870775154111842,
        0.31847439639416125,
        0.0006215866554790555,
        0.009221123296145856,
        0.5628723341248345,
        0.00010280798826097733
      ],
      [
        0.4970475028753568,
        0.2874517124126354,
        0.00036787977759207373,
        0.009542796708354446,
        0.20547375141058416,
        0.00011635681547720918
      ],
      [
        0.7257471878361885,
        0.21479205495752088,
        0.00030687164815500407,
        0.009338096354167465,
        0.04972387780982003,
        9.191139414809076e-05
      ],
      [
        0.7549423648596142,
        0.1948511542157742,
        0.00015635192334266203,
        0.0075829825632014545,
        0.04237532919095903,
        9.181724710860823e-05
      ],
      [
        0.7879559328206175,
        0.17185343359788785,
        0.00012130196409693036,
        0.006977798678954567,
        0.032999704480064077,
        9.182845837899855e-05
      ],
      [
        0.7319318080588239,
        0.21725646938221505,
        0.00018377571300956134,
        0.008729331088065749,
        0.04180681459669702,
        9.180116118892183e-05
      ],
      [
        0.7778113417030177,
        0.18181773030388443,
        0.0001476017758848688,
        0.007492587900230114,
        0.03263891717051817,
        9.182114646486113e-05
      ],
      [
        0.06992274024005475,
        0.1837754124529892,
        0.00010413880899259793,
        0.006992986906745868,
        0.7390909010752728,
        0.00011382051594476717
      ],
      [
        0.8815113814047892,
        0.09319580868359102,
        0.00010033046637159204,
        0.0043789926233654295,
        0.020713899833158647,
        9.958698872393227e-05
      ],
      [
        0.8934647663037368,
        0.08599299206425658,
        9.25658603016558e-05,
        0.0036653307554837438,
        0.016692465095600136,
        9.187992062092322e-05
      ],
      [
        0.8338999809482853,
        0.13729143590847617,
        9.249942307041945e-05,
        0.0054661314680149635,
        0.023158138276444383,
        9.181397570870205e-05
      ],
      [
        0.8041643151751491,
        0.15967913192375363,
        9.246174150242551e-05,
        0.005877665582392708,
        0.03009464900383015,
        9.177657337197797e-05
      ],
      [
        0.8433118182716731,
        0.1277482796213925,
        9.253342802463375e-05,
        0.005273675976048125,
        0.023481844974185272,
        9.184772867641333e-05
      ],
      [
        0.03967169951674493,
        0.09995270413476888,
        9.677468297698122e-05,
        0.003547160415795253,
        0.8566253048005659,
        0.00010635644914798453
      ],
      [
        0.04605693976019513,
        0.11220622449571138,
        9.666724832522479e-05,
        0.004270043924303617,
        0.8372641950830298,
        0.00010592948843492253
      ],
      [
        0.8937887685374103,
        0.08732412524583423,
        9.253033391901489e-05,
        0.0034310900748187275,
        0.015271641150518685,
        9.184465749900812e-05
      ],
      [
        0.02665662846037238,
        0.051781627544853125,
        0.00019851003260271656,
        0.00188634818059595,
        0.9193690387626563,
        0.00010784701891960484
      ],
      [
        0.9250718338053819,
        0.06053584818214916,
        9.25765150428165e-05,
        0.0026323219176744433,
        0.01157552908334444,
        9.189049640738372e-05
      ],
      [
        0.8975126382697297,
        0.08394939456404059,
        9.253689095066997e-05,
        0.003326022516925126,
        0.015027556592412688,
        9.185116594117042e-05
      ],
      [
        0.878684849114582,
        0.0991745690075873,
        9.25283471535438e-05,
        0.00391097564117401,
        0.01804523520404725,
        9.184268545604127e-05
      ],
      [
        0.7692197784203714,
        0.19338832699760136,
        0.0002448997645915688,
        0.007158224153647163,
        0.02989705299484635,
        9.171766894225669e-05
      ],
      [
        0.08493298626798315,
        0.3256744788544443,
        0.0005760818419704313,
        0.009121092197835166,
        0.5795914550271242,
        0.00010390581064274252
      ],
      [
        0.6654427101330651,
        0.2836277538890598,
        0.00045024783106518615,
        0.0095338743039246,
        0.040853884205855825,
        9.152963702942492e-05
      ],
      [
        0.6068941962696514,
        0.34701303692600455,
        0.0003690698713726752,
        0.008491392336103534,
        0.03714081865117849,
        9.148594568954217e-05
      ],
      [
        0.749441985060063,
        0.21120458351000307,
        0.0002608409109321426,
        0.00833714170340854,
        0.030656055055513217,
        9.939376008007764e-05
      ],
      [
        0.8535294765313733,
        0.12034640027795933,
        0.0001002146838206067,
        0.004578809764137759,
        0.021345626678554094,
        9.947206415499125e-05
      ],
      [
        0.8873480093453696,
        0.09497125450655408,
        0.00010016488052230456,
        0.003008955229078736,
        0.014472193408561833,
        9.942262991347122e-05
      ],
      [
        0.9390598960149784,
        0.029015680344006246,
        0.020037890655141263,
        0.001969323977698259,
        0.009791758728967145,
        0.0001254502792088587
      ],
      [
        0.9991173042915942,
        0.0003026694869520458,
        0.00011626564494654158,
        6.238429950495669e-05,
        0.00027790872664164036,
        0.00012346755036076913
      ]
    ],
    [
      [
        0.9967834917066444,
        0.0013992997433577969,
        0.0005949231050300191,
        0.0002659584340462061,
        0.0008393037538167105,
        0.00011702325710486194
      ],
      [
        0.07667704311288402,
        0.08860869135445208,
        0.09276383266072415,
        0.008786039775790884,
        0.733035723224507,
        0.00012866987164185357
      ],
      [
        0.7335941392106908,
        0.20934914700443774,
        0.00025142407128846616,
        0.009809823624181011,
        0.04689584267304483,
        9.962341635708346e-05
      ],
      [
        0.12351013775180947,
        0.25567314975033645,
        0.0003738322000779235,
        0.008962239049415961,
        0.6113753012848144,
        0.00010533996354591373
      ],
      [
        0.7236942311634683,
        0.21734633905180092,
        0.00019662947651652077,
        0.007431172269590457,
        0.05123949829435093,
        9.212974427297242e-05
      ],
      [
        0.4989855670957188,
        0.2736587604948132,
        0.00010736912889480742,
        0.010172713317503003,
        0.2169570144459567,
        0.00011857551711339424
      ],
      [
        0.11821897980576343,
        0.13995136072723963,
        0.00029252461191709887,
        0.00781458843611872,
        0.7336171617001446,
        0.00010538471881665654
      ],
      [
        0.17910350455523355,
        0.17435253544420856,
        9.604853540444364e-05,
        0.008654123778269383,
        0.6376888019811009,
        0.00010498570578319136
      ],
      [
        0.1095381646726866,
        0.16780507295611574,
        9.608466942011962e-05,
        0.008740868203606936,
        0.7137149357129478,
        0.00010487378522286729
      ],
      [
        0.11248425387162501,
        0.18072681690561498,
        0.000346846348587239,
        0.008789193431649849,
        0.6975471545750592,
        0.00010573486746374575
      ],
      [
        0.589765894564473,
        0.18509437703053574,
        0.00019027036970045984,
        0.009283371428054257,
        0.21554865964601444,
        0.00011742696122203301
      ],
      [
        0.11701246299920198,
        0.30046895526566253,
        0.0005558450899804895,
        0.009077905376407003,
        0.5727809301553797,
        0.00010390111336819532
      ],
      [
        0.19066180119468173,
        0.23456520561177133,
        0.0006150746369228308,
        0.008833070883025058,
        0.5652203058864207,
        0.0001045417871783839
      ],
      [
        0.10495345186629981,
        0.18797207220642448,
        0.00029776756244019907,
        0.008928719579561852,
        0.6977430905400739,
        0.0001048982451997318
      ],
      [
        0.08487641745464591,
        0.1671501441067946,
        9.608250185057282e-05,
        0.006946270156033008,
        0.7408270444945803,
        0.00010404128609557201
      ],
      [
        0.17521546396685617,
        0.20090807663896632,
        0.0003564867867231851,
        0.00925352256672186,
        0.6141615393220975,
        0.00010491071863502449
      ],
      [
        0.6878062550131909,
        0.25677450260729234,
        0.0003086574830340013,
        0.008336595162090265,
        0.046682005948811243,
        9.198378558109824e-05
      ],
      [
        0.6095174794133471,
        0.33586133363891446,
        0.00024565863616143717,
        0.0099571268863175,
        0.04432668971471709,
        9.171171054247051e-05
      ],
      [
        0.7869642810126403,
        0.1687379301493131,
        0.00012958888734520123,
        0.0073871113613553745,
        0.03668152910378277,
        9.955948556318966e-05
      ],
      [
        0.07869817785011107,
        0.14708200222604098,
        0.0001045205440073691,
        0.007440039863705827,
        0.7665605145341264,
        0.00011474498200828003
      ],
      [
        0.058905872699640156,
        0.15260046280724016,
        9.632829800175737e-05,
        0.006276608648338028,
        0.7820148791556092,
        0.00010584839117083716
      ],
      [
        0.7636350910847436,
        0.195798131929213,
        0.00018239926544024224,
        0.007659289987627941,
        0.03263332289365816,
        9.176483931716188e-05
      ],
      [
        0.09595219166965605,
        0.2035118023370638,
        0.0003400616645931024,
        0.00856886097097464,
        0.6915227561406555,
        0.00010432721705708687
      ],
      [
        0.08358747755147028,
        0.16188180727942797,
        0.00025799847091723604,
        0.007251027423771246,
        0.7469164581296673,
        0.00010523114474596433
      ],
      [
        0.822058465629905,
        0.14348735432922405,
        9.296610388273147e-05,
        0.005899286496631663,
        0.028370075686479552,
        9.185175387696839e-05
      ],
      [
        0.072748337678901,
        0.15375338846958342,
        9.627398663368421e-05,
        0.006711314287049696,
        0.7665855256017534,
        0.00010515997607890465
      ],
      [
        0.8498258285894114,
        0.12312466368924563,
        9.249830319484452e-05,
        0.004698823046402699,
        0.022166373507613697,
        9.181286413172763e-05
      ],
      [
        0.8579551778969342,
        0.11608104922578737,
        9.253103156703514e-05,
        0.004732625503549716,
        0.021046770992184285,
        9.184534997725564e-05
      ],
      [
        0.9067491268553838,
        0.07537166452851324,
        9.259180634759469e-05,
        0.003503502830005048,
        0.014191208305351194,
        9.190567439919009e-05
      ],
      [
        0.8943926030145088,
        0.08445165644241913,
        9.259726756321842e-05,
        0.003906853468472661,
        0.01706437871189047,
        9.19110951456334e-05
      ],
      [
        0.8937034078624846,
        0.08497218624554781,
        9.259021272840167e-05,
        0.0038425587261679463,
        0.017297352860482153,
        9.190409258917421e-05
      ],
      [
        0.038815517686730666,
        0.09469165843040687,
        0.00016545346128511997,
        0.004492266734442287,
        0.8617282764883487,
        0.00010682719878618682
      ],
      [
        0.7278123916686804,
        0.23632146045525382,
        0.00020047785886481007,
        0.0068581172488513305,
        0.028715695503500636,
        9.185726484913862e-05
      ],
      [
        0.6575641001767553,
        0.2968703844520231,
        0.000255651110071128,
        0.00807912816471808,
        0.03713903184995787,
        9.170424647462986e-05
      ],
      [
        0.8078967242127567,
        0.15649296569207394,
        0.00020603740044351416,
        0.006886153440228571,
        0.028426246381941685,
        9.187287255558614e-05
      ],
      [
        0.8484755323948105,
        0.12191390563982041,
        0.00011356138635702539,
        0.005126871782235414,
        0.0242705997471318,
        9.952904964458825e-05
      ],
      [
        0.8849354370446582,
        0.09138294761737632,
        0.00010032294150529353,
        0.00428587962431783,
        0.01919583325252335,
        9.957951961905991e-05
      ],
      [
        0.8995243703534043,
        0.08305121350415035,
        0.00010018608952179524,
        0.002547728987617605,
        0.014677057383557826,
        9.94436817481682e-05
      ],
      [
        0.891394749734464,
        0.04780522264630291,
        0.04215026783406289,
        0.004084491712677075,
        0.014445358722927399,
        0.0001199093495658267
      ],
      [
        0.999281129463661,
        0.0001531945651615243,
        0.00010030840444260891,
        5.3085489254423234e-05,
        0.0002949911394911794,
        0.00011729093798924035
      ]
    ],
    [
      [
        0.9968354726382591,
        0.0013559726058279145,
        0.0006234098444970789,
        0.00028275042402191254,
        0.0007853993044663381,
        0.00011699518292764866
      ],
      [
        0.08323709122944598,
        0.06852735633643293,
        0.08692519826402559,
        0.006876606940059819,
        0.7543048115270328,
        0.0001289357030029037
      ],
      [
        0.7868425751421921,
        0.15410750516198496,
        0.0003150436534311371,
        0.007484545401619751,
        0.051150607675039386,
        9.972296573265111e-05
      ],
      [
        0.4776786125870676,
        0.298138590226342,
        0.00017522400141300288,
        0.010844250694443088,
        0.21304452391857112,
        0.00011879857216311769
      ],
      [
