[
  [
    [
      [
        0.9986440171599711,
        0.0001366661666906218,
        0.0008093181732664408,
        0.0001366661666906218,
        0.0001366661666906218,
        0.0001366661666906218
      ],
      [
        0.998517059886209,
        0.00013646769185636596,
        0.00013646769185636596,
        0.00013646769185636596,
        0.0009370693463656207,
        0.00013646769185636596
      ],
      [
        0.9989907168764222,
        0.0001369320360807566,
        0.0001369320360807566,
        0.0001369320360807566,
        0.00046155497925484256,
        0.0001369320360807566
      ],
      [
        0.9963328704372509,
        0.0023324327761934287,
        0.0007368000615179689,
        0.0003243509265007295,
        0.0001367728992684712,
        0.0001367728992684712
      ],
      [
        0.9946191139910172,
        0.003676137958866732,
        0.0008264444381827094,
        0.0006048910213688287,
        0.00013670629528217797,
        0.00013670629528217797
      ],
      [
        0.9880200094205502,
        0.008905574728997369,
        0.0017626096643954998,
        0.0010393454476374693,
        0.00013623036920969316,
        0.00013623036920969316
      ],
      [
        0.9867874103922807,
        0.01005471601869058,
        0.0017686414246446337,
        0.0011168465121741372,
        0.00013619282610501186,
        0.00013619282610501186
      ],
      [
        0.9870727834224402,
        0.009662391771786533,
        0.0018349741090643895,
        0.0011574406729001447,
        0.00013620501190440506,
        0.00013620501190440506
      ],
      [
        0.9880296830621522,
        0.008621006048598102,
        0.0019813993596363546,
        0.001095483074020585,
        0.00013621422779639439,
        0.00013621422779639439
      ],
      [
        0.9908941910546989,
        0.006795988532457758,
        0.0011520161722631333,
        0.0008849057787017021,
        0.00013644923093925694,
        0.00013644923093925694
      ],
      [
        0.9982171468845757,
        0.0001369472610702401,
        0.0008716160158130892,
        0.0005003953164003669,
        0.0001369472610702401,
        0.0001369472610702401
      ],
      [
        0.9980447306483061,
        0.0006007927656105014,
        0.0005196966095904064,
        0.00043474925537629445,
        0.0002630598333590488,
        0.0001369708877576296
      ],
      [
        0.9914268554762934,
        0.006332794694765374,
        0.001085810606231421,
        0.0008815876935433978,
        0.00013647576458314446,
        0.00013647576458314446
      ],
      [
        0.9877262556030456,
        0.009390767579444915,
        0.0015851965767111037,
        0.0010252685996777744,
        0.0001362558205603685,
        0.0001362558205603685
      ],
      [
        0.9860483367331495,
        0.010415888275020569,
        0.002143820419576936,
        0.0011197685103448473,
        0.00013609303095406285,
        0.00013609303095406285
      ],
      [
        0.98677210069723,
        0.010274604641454011,
        0.001664882119721557,
        0.001016020103415471,
        0.00013619621908947147,
        0.00013619621908947147
      ],
      [
        0.9892021041434685,
        0.008435679839978293,
        0.0012335610772737445,
        0.0008559254590340899,
        0.00013636474012257527,
        0.00013636474012257527
      ],
      [
        0.9951939047511292,
        0.0029811918516909645,
        0.0010880947850566605,
        0.00046338148719849624,
        0.0001367135624623203,
        0.0001367135624623203
      ],
      [
        0.9982732375727541,
        0.0010479632437387545,
        0.00023590296788339566,
        0.00013697836165595635,
        0.00016893949231176091,
        0.00013697836165595635
      ],
      [
        0.9984430814074489,
        0.00013659867429429828,
        0.00013659867429429828,
        0.00013659867429429828,
        0.0010105238953740203,
        0.00013659867429429828
      ],
      [
        0.9979872967396258,
        0.0001363587808642864,
        0.0001363587808642864,
        0.0001363587808642864,
        0.0014672681369170596,
        0.0001363587808642864
      ],
      [
        0.9971966346362287,
        0.00013609703694164693,
        0.00013609703694164693,
        0.00013609703694164693,
        0.002258977216004858,
        0.00013609703694164693
      ],
      [
        0.9972848608310914,
        0.0001359683901123808,
        0.0001359683901123808,
        0.0001359683901123808,
        0.0021712656084589385,
        0.0001359683901123808
      ],
      [
        0.9961697475796983,
        0.00013555791379399608,
        0.00013555791379399608,
        0.00013555791379399608,
        0.003288020765125495,
        0.00013555791379399608
      ],
      [
        0.9967814837782251,
        0.00013573661316963875,
        0.00013573661316963875,
        0.00013573661316963875,
        0.0026755697690961826,
        0.00013573661316963875
      ],
      [
        0.997861700573403,
        0.0001364276041536225,
        0.0001364276041536225,
        0.0001364276041536225,
        0.001592589009982362,
        0.0001364276041536225
      ],
      [
        0.9982702004140109,
        0.0011212450304063544,
        0.0001978695593943871,
        0.00013689499872944152,
        0.00013689499872944152,
        0.00013689499872944152
      ],
      [
        0.9938011023087667,
        0.004223032499644865,
        0.0014676607633184186,
        0.0002353415081624529,
        0.00013643146005377544,
        0.00013643146005377544
      ],
      [
        0.9906051237253222,
        0.006338065989448359,
        0.002200365230548415,
        0.0005840889532414326,
        0.0001361780507198449,
        0.0001361780507198449
      ],
      [
        0.9857668529841837,
        0.011172345617171916,
        0.0018455831967838091,
        0.0009431076940222437,
        0.0001360552539191322,
        0.0001360552539191322
      ],
      [
        0.9852040008036883,
        0.011748371348507775,
        0.001700904225714397,
        0.0010745322254833833,
        0.00013609569830306723,
        0.00013609569830306723
      ],
      [
        0.9849662200350658,
        0.011768202601097276,
        0.0018944432683111552,
        0.001099057097738907,
        0.00013603849889340012,
        0.00013603849889340012
      ],
      [
        0.9864923131627333,
        0.010503777786845445,
        0.0017048478750825158,
        0.0010267391150387251,
        0.00013616103015001845,
        0.00013616103015001845
      ],
      [
        0.9885187728519994,
        0.009051339722901612,
        0.0012648489976920844,
        0.0008924472452854175,
        0.00013629559106077602,
        0.00013629559106077602
      ],
      [
        0.9946192159789161,
        0.003950232475937721,
        0.0007072267158986108,
        0.0004498455416762763,
        0.00013673964378566332,
        0.00013673964378566332
      ],
      [
        0.994845390146166,
        0.0037096756452734206,
        0.0009012917524757823,
        0.0002702712832872114,
        0.00013668558639875938,
        0.00013668558639875938
      ],
      [
        0.9963700397962563,
        0.0030113283984203776,
        0.0002081021376932515,
        0.00013684322254342443,
        0.00013684322254342443,
        0.00013684322254342443
      ],
      [
        0.9986871615001669,
        0.0005807379773952634,
        0.00013696727987754092,
        0.00013696727987754092,
        0.00032119868280518454,
        0.00013696727987754092
      ],
      [
        0.9985950850688008,
        0.00013664964397118492,
        0.00013664964397118492,
        0.00013664964397118492,
        0.0008583163553145583,
        0.00013664964397118492
      ],
      [
        0.9993153176099109,
        0.00013693647801783145,
        0.00013693647801783145,
        0.00013693647801783145,
        0.00013693647801783145,
        0.00013693647801783145
      ]
    ],
    [
      [
        0.9990045873959921,
        0.00013671314539790856,
        0.00013671314539790856,
        0.00013671314539790856,
        0.00044856002241640996,
        0.00013671314539790856
      ],
      [
        0.032484687506998414,
        0.028851600019103727,
        0.022721358998068212,
        0.0038028582368366875,
        0.9120049766091367,
        0.00013451862985620327
      ],
      [
        0.901954790664874,
        0.03899964338164376,
        0.03454709523561088,
        0.007468043061024583,
        0.016895932276295107,
        0.00013449538055170247
      ],
      [
        0.07047861493023573,
        0.07614007160097273,
        0.08170998470081765,
        0.01250583362864477,
        0.7590330585552035,
        0.00013243658412570057
      ],
      [
        0.8047033526931828,
        0.07014262584701647,
        0.07598865293407635,
        0.014081923112000846,
        0.03495044652447899,
        0.0001329988892443761
      ],
      [
        0.050166087608524375,
        0.06027192245314693,
        0.05611955034651492,
        0.011270038033058212,
        0.8220392517461421,
        0.00013314981261326682
      ],
      [
        0.6571278243101003,
        0.12561648243256238,
        0.1540066678302423,
        0.019707184235914665,
        0.043410327638123275,
        0.00013151355305702478
      ],
      [
        0.644082792934286,
        0.12795945966129826,
        0.1554959042985158,
        0.023639424842575814,
        0.04869107709515702,
        0.00013134116816715442
      ],
      [
        0.060260456609729215,
        0.08640835652835334,
        0.09011716398950494,
        0.013328710321018917,
        0.7497531082471549,
        0.00013220430423879426
      ],
      [
        0.7979294129706404,
        0.08213234369979854,
        0.07321755351576321,
        0.013415113965351869,
        0.0331726234650527,
        0.0001329523833931701
      ],
      [
        0.06343808059107435,
        0.054218971942901976,
        0.0641333887788249,
        0.010526856480003061,
        0.8075497357859639,
        0.00013296642123163954
      ],
      [
        0.7982427765011073,
        0.07292264161476937,
        0.07864090437021094,
        0.014267101814149719,
        0.035793595686302505,
        0.00013298001346026913
      ],
      [
        0.7747788446478664,
        0.09605609349025773,
        0.08126212617051509,
        0.014337064442711211,
        0.033433208839707754,
        0.00013266240894176904
      ],
      [
        0.692952807225216,
        0.11041791906676487,
        0.13575042932727527,
        0.019721217312389273,
        0.04102592816653012,
        0.0001316989018243463
      ],
      [
        0.11310314676672485,
        0.08312589341728034,
        0.09462025998493434,
        0.014044535820562936,
        0.6949745172695737,
        0.00013164674092386395
      ],
      [
        0.7262694588729579,
        0.1005189289505787,
        0.12107292988141222,
        0.01678426340674807,
        0.03522242773263139,
        0.0001319911556716802
      ],
      [
        0.7818989332240409,
        0.08677227483685637,
        0.08390375847629972,
        0.013951491029841083,
        0.033340755705350215,
        0.00013278672761176584
      ],
      [
        0.056943056399226234,
        0.04966656157623203,
        0.05171934880261301,
        0.009938287555447203,
        0.8315994568354793,
        0.00013328883100218952
      ],
      [
        0.8561018583150022,
        0.05997452945744325,
        0.05249398753834529,
        0.007929837629639934,
        0.023366047487607053,
        0.00013373957196232276
      ],
      [
        0.9022778169091712,
        0.039328116345426975,
        0.03356647108545702,
        0.00636859683592875,
        0.018324486497136905,
        0.00013451232687929538
      ],
      [
        0.9115518409431144,
        0.03437924523506779,
        0.030620624628472204,
        0.00607384819935498,
        0.01723978404396615,
        0.000134656950024444
      ],
      [
        0.9359269964566871,
        0.02205396595838273,
        0.022363587968255997,
        0.004166776614558388,
        0.015353528628923158,
        0.00013514437319269004
      ],
      [
        0.03549887509688809,
        0.036000302749219,
        0.025549596655786908,
        0.005070091429042205,
        0.8977467039960435,
        0.00013443007302030668
      ],
      [
        0.9590447496477031,
        0.013499823461481479,
        0.013499303987950883,
        0.0017970854626220435,
        0.012023319141414256,
        0.00013571829882824134
      ],
      [
        0.9574326811064063,
        0.01368327064588151,
        0.014406649038775596,
        0.0019851458952762193,
        0.01235654672472668,
        0.00013570658893372127
      ],
      [
        0.9303243712680029,
        0.027674200943649297,
        0.023936277130791262,
        0.003716357889687631,
        0.014213736949452382,
        0.00013505581841654466
      ],
      [
        0.033430079055315025,
        0.03158099101962552,
        0.026033608238150964,
        0.005505657431652426,
        0.9033151912304177,
        0.00013447302483841038
      ],
      [
        0.051570094181248916,
        0.056632315821960336,
        0.04558385908535861,
        0.008224782445163038,
        0.8378555561782609,
        0.0001333922880083076
      ],
      [
        0.055561118783260824,
        0.07182982028961261,
        0.06943538877949681,
        0.012005402262175967,
        0.7910353723848558,
        0.0001328975005979909
      ],
      [
        0.030238685419661054,
        0.05633977292049019,
        0.04219038865028011,
        0.006721033606043724,
        0.8643764809880413,
        0.00013363841548358864
      ],
      [
        0.7348878204338261,
        0.09715196591910122,
        0.12088843639776893,
        0.014850793963891114,
        0.032088848491076974,
        0.00013213479433579506
      ],
      [
        0.6780274324590019,
        0.12021739650513649,
        0.14409392588946618,
        0.018623238990717533,
        0.038906294547176486,
        0.0001317116085015196
      ],
      [
        0.749650635215921,
        0.09210512008033409,
        0.1079524197744231,
        0.013899200883741013,
        0.03626023440866183,
        0.00013238963691906825
      ],
      [
        0.7832020655679754,
        0.08412382768167291,
        0.0814822434438855,
        0.015304411445124197,
        0.03575470184362055,
        0.00013275001772135176
      ],
      [
        0.818229652890053,
        0.06730183227621625,
        0.07031966950248703,
        0.012231992795833535,
        0.031783667323664874,
        0.00013318521174542628
      ],
      [
        0.054145695321645156,
        0.06211319234712492,
        0.06103661233204546,
        0.010976740756017352,
        0.8115947941220848,
        0.0001329651210823167
      ],
      [
        0.8575242053635035,
        0.06160674588338677,
        0.05371409590195249,
        0.0089708965004766,
        0.018050172562379792,
        0.00013388378830085065
      ],
      [
        0.9254491016101395,
        0.029362118285867135,
        0.027006380985652403,
        0.004716021664322854,
        0.013331465726482132,
        0.00013491172753591623
      ],
      [
        0.8908425016848731,
        0.05093612663784936,
        0.03507483028545826,
        0.007084173826958119,
        0.01592801792430138,
        0.00013434964055975877
      ],
      [
        0.9985036558770325,
        0.00013668933111291064,
        0.00013668933111291064,
        0.00013668933111291064,
        0.0009495867985159747,
        0.00013668933111291064
      ]
    ],
    [
      [
        0.9988261302655259,
        0.00013694305311894028,
        0.00013694305311894028,
        0.00013694305311894028,
        0.0006260975219983627,
        0.00013694305311894028
      ],
      [
        0.930450258485618,
        0.026619248387667986,
        0.02499852293751726,
        0.004396396097272782,
        0.01340061814751879,
        0.00013495594440521115
      ],
      [
        0.8054635906365535,
        0.1608384625779059,
        0.000133619975350389,
        0.012030051098763987,
        0.02140065573607576,
        0.000133619975350389
      ],
      [
        0.795711541163219,
        0.16350680428088737,
        0.0001335428435998706,
        0.013730331147965477,
        0.026784237720728347,
        0.0001335428435998706
      ],
      [
        0.8017370552183838,
        0.14891254299245527,
        0.00014552890504138135,
        0.014860751198036449,
        0.0342105341756322,
        0.0001335875104508963
      ],
      [
        0.7628032003177476,
        0.17946382382893922,
        0.0008047038165629973,
        0.014242996659906184,
        0.04255221549759544,
        0.00013305987924862463
      ],
      [
        0.7350062572598965,
        0.19434695852137032,
        0.0015671146328072926,
        0.016331032392460774,
        0.05261584474410783,
        0.00013279244935715387
      ],
      [
        0.4429064742103038,
        0.3078555218935821,
        0.0007013649059130994,
        0.03196840584492245,
        0.21643746191618388,
        0.00013077122909466992
      ],
      [
        0.6805203869837625,
        0.23579588976278498,
        0.0011210670450690914,
        0.02178343682770578,
        0.06064681968632896,
        0.00013239969434879735
      ],
      [
        0.729498825805894,
        0.20187600678730053,
        0.0005379349896304867,
        0.018140242712552213,
        0.049814160562871954,
        0.00013282914175080117
      ],
      [
        0.8217413449485886,
        0.12626479795443293,
        0.00013358609791851652,
        0.014429070497105853,
        0.03729761440403563,
        0.00013358609791851652
      ],
      [
        0.8305610954716359,
        0.12036169813419248,
        0.00013373062084833177,
        0.01458166708033539,
        0.03422807807213961,
        0.00013373062084833177
      ],
      [
        0.7407481335084841,
        0.19367024344898043,
        0.000504187541054703,
        0.017531666467155628,
        0.04741287850007585,
        0.0001328905342492914
      ],
      [
        0.6531132592623367,
        0.26378638078773725,
        0.0013401814879099648,
        0.02404347444076587,
        0.0575844612689599,
        0.00013224275229035468
      ],
      [
        0.41016592479010566,
        0.3574084345515832,
        0.0007692515394256452,
        0.03217870239578592,
        0.19934692441094692,
        0.0001307623121527022
      ],
      [
        0.09084861429131401,
        0.30774239367626716,
        0.0014274616147603118,
        0.023697767290250218,
        0.5761520541666894,
        0.00013170896071904278
      ],
      [
        0.7661594770621132,
        0.17968793222578316,
        0.0006978274208402206,
        0.013907534535916522,
        0.03941410727233697,
        0.00013312148300993884
      ],
      [
        0.8355424274108625,
        0.11953689345556169,
        0.0001338561772108379,
        0.01231718543631955,
        0.0323357813428347,
        0.0001338561772108379
      ],
      [
        0.8445854088095176,
        0.11258420415806415,
        0.0001339979952958309,
        0.011504116588563889,
        0.031058274453262827,
        0.0001339979952958309
      ],
      [
        0.8839662013972059,
        0.08478581628405193,
        0.00013447954998602998,
        0.008130023527433026,
        0.022848999691337083,
        0.00013447954998602998
      ],
      [
        0.9055789831279136,
        0.06900358733890516,
        0.0002693426295126286,
        0.007052267159500375,
        0.01796110990313583,
        0.0001347098410324954
      ],
      [
        0.9254454111520257,
        0.05346363999128303,
        0.00013854115754873225,
        0.005466025846887388,
        0.015351466251173212,
        0.00013491560108189283
      ],
      [
        0.9191645828182075,
        0.0597257579835808,
        0.0004936053440760466,
        0.005464811829414264,
        0.015016425326830118,
        0.00013481669789136552
      ],
      [
        0.9396852450849357,
        0.04393203658867817,
        0.0007680662320318706,
        0.003102895739035713,
        0.01237657528681341,
        0.00013518106850520686
      ],
      [
        0.9459289950884017,
        0.037431832093113765,
        0.0007233798451232955,
        0.0032638806059475433,
        0.012516688378050774,
        0.00013522398936303439
      ],
      [
        0.9152577054546525,
        0.06338419828509897,
        0.0008158840694714182,
        0.005939777216889589,
        0.014467643550663184,
        0.00013479142322443655
      ],
      [
        0.9087643015857226,
        0.07057787870450492,
        0.0006600649495581417,
        0.005430180364100111,
        0.014432789103228351,
        0.00013478529288585777
      ],
      [
        0.7926441129696506,
        0.16458623583599036,
        0.00013354320821002696,
        0.013454965667438814,
        0.029047599110499908,
        0.00013354320821002696
      ],
      [
        0.05399108441226522,
        0.12457807663229888,
        0.0003873768399338567,
        0.009963537387971923,
        0.8109465159168894,
        0.00013340881064077148
      ],
      [
        0.08734654162952597,
        0.2521380777364966,
        0.0015413395274035773,
        0.018739220730932274,
        0.6401027701837946,
        0.00013205019184694028
      ],
      [
        0.12794533957028592,
        0.31528761135834915,
        0.002061969161740782,
        0.023791809887770205,
        0.5307818867976936,
        0.00013138322416040825
      ],
      [
        0.4467892448665377,
        0.30244005734739504,
        0.0009178278130945918,
        0.02653651306434057,
        0.2231855465608375,
        0.0001308103477946656
      ],
      [
        0.09502619435217233,
        0.1947197185262526,
        0.0022663856014993925,
        0.014393391832695198,
        0.6934619995843232,
        0.00013231010305730177
      ],
      [
        0.7446046603623616,
        0.19517630377487713,
        0.000789502424430502,
        0.015665829507198994,
        0.043630745425540726,
        0.00013295850559097728
      ],
      [
        0.7589898065385138,
        0.18190914767701263,
        0.0008205225884999154,
        0.015237437540456839,
        0.04291000693881548,
        0.00013307871670146243
      ],
      [
        0.7989030342227037,
        0.16020822151334502,
        0.0008214778571676213,
        0.011706805268841287,
        0.02822694736841065,
        0.00013351376953174164
      ],
      [
        0.8160875633625648,
        0.14436905572583478,
        0.00041735685316958735,
        0.012295141252775088,
        0.02669717665743259,
        0.00013370614822315934
      ],
      [
        0.05033665044336008,
        0.1223207767831305,
        0.00434472504302983,
        0.011077088033762165,
        0.8117873575033688,
        0.00013340219334867504
      ],
      [
        0.03271320081634789,
        0.034645455889583614,
        0.027409009347306005,
        0.00477612499167284,
        0.9003219357885035,
        0.00013427316658604522
      ],
      [
        0.9988699662224311,
        0.000534323251578894,
        0.00018479043226615868,
        0.0001369733645746468,
        0.0001369733645746468,
        0.0001369733645746468
      ]
    ],
    [
      [
        0.9977763443204639,
        0.0011736167358232452,
        0.00035628054933814604,
        0.0004199018397095386,
        0.00013692827733260455,
        0.00013692827733260455
      ],
      [
        0.8684609426355079,
        0.05314290183738322,
        0.046914596541547955,
        0.008891940355172163,
        0.022455751543089167,
        0.0001338670872996055
      ],
      [
        0.7777902913612085,
        0.1678260533263615,
        0.00013332406204698903,
        0.012858164722324095,
        0.04125884246601179,
        0.00013332406204698903
      ],
      [
        0.09506676800205167,
        0.2542164046552055,
        0.00013197306672631625,
        0.021243128774379033,
        0.6292097524349113,
        0.00013197306672631625
      ],
      [
        0.0963882326376167,
        0.24891681260123755,
        0.00037553075677612604,
        0.02103174643162112,
        0.6331557075051042,
        0.00013197006764433704
      ],
      [
        0.7097700241959972,
        0.21199045223214666,
        0.0005533978903724013,
        0.020103093342124845,
        0.05745045756627952,
        0.00013257477307924802
      ],
      [
        0.6588623463703752,
        0.2700517053051567,
        0.001006715520415855,
        0.020431275926363828,
        0.049515546861115624,
        0.00013241001657287593
      ],
      [
        0.1268433824150269,
        0.19083623306304853,
        0.001403900224574374,
        0.02002632057254461,
        0.6607581716238404,
        0.00013199210096517282
      ],
      [
        0.6954598327622393,
        0.22751489577778733,
        0.000675586114993,
        0.02181449388004689,
        0.0544026777224281,
        0.0001325137425053411
      ],
      [
        0.8030313887597598,
        0.1424396767105483,
        0.00014453603612303969,
        0.016218024402380946,
        0.03803287523114163,
        0.00013349886004632427
      ],
      [
        0.12774245132076478,
        0.2235565505414278,
        0.00023818266889817307,
        0.024240594441642224,
        0.6240903622096785,
        0.00013185881758844174
      ],
      [
        0.7820202222273843,
        0.15771499542199824,
        0.00028931332474528955,
        0.01802217909390354,
        0.04182000764986893,
        0.00013328228209970428
      ],
      [
        0.8070745258787599,
        0.1379350819828092,
        0.00013343720940881074,
        0.016679782387765026,
        0.038043735331848245,
        0.00013343720940881074
      ],
      [
        0.676622348481529,
        0.24810107792781505,
        0.000826500852637188,
        0.021690422302661175,
        0.052627244138875276,
        0.00013240629648234378
      ],
      [
        0.6605587472803217,
        0.25852508979978245,
        0.0011455841701881098,
        0.022174954445428278,
        0.05746331377731988,
        0.00013231052695972733
      ],
      [
        0.6987695369136615,
        0.22965215017144008,
        0.0008606325106482107,
        0.01949341586780046,
        0.05109169653203664,
        0.00013256800441311775
      ],
      [
        0.801894932272956,
        0.14876054080572296,
        0.00024928539252919477,
        0.014840845079025052,
        0.03412093128399373,
        0.00013346516577293668
      ],
      [
        0.7415405939464117,
        0.18456960010176543,
        0.00039229149884307103,
        0.018956598081638503,
        0.054408060299907635,
        0.00013285607143373516
      ],
      [
        0.09587110526335604,
        0.2533421739669169,
        0.000359118151559869,
        0.021821641384957565,
        0.62847393965745,
        0.00013202157575971677
      ],
      [
        0.8331947769427928,
        0.12305241372178755,
        0.00013384600429678156,
        0.012791281357697524,
        0.030693835969128624,
        0.00013384600429678156
      ],
      [
        0.890441178756374,
        0.07960114388329013,
        0.00013677892018306605,
        0.008217181224305333,
        0.02146917149665635,
        0.00013454571919116443
      ],
      [
        0.04368107852745062,
        0.08695006352927183,
        0.0006427122180645405,
        0.008785216814086772,
        0.8598069827345503,
        0.0001339461765759885
      ],
      [
        0.8844839445639886,
        0.08534824765094202,
        0.0004688403027946838,
        0.008513920402592124,
        0.021050686712398698,
        0.000134360367283917
      ],
      [
        0.03361891559700038,
        0.056035888633377814,
        0.00031304432078973696,
        0.004833819639371527,
        0.9050638466341729,
        0.0001344851752875861
      ],
      [
        0.033056618984464166,
        0.05166472003849033,
        0.000324303757085323,
        0.004240649894981363,
        0.9105791395203032,
        0.00013456780467564595
      ],
      [
        0.9103422447206113,
        0.06641370474468808,
        0.0006307586164574265,
        0.006494086375481284,
        0.015984550010481387,
        0.0001346555322803849
      ],
      [
        0.035773596210918183,
        0.06529560710330823,
        0.0008559385947434782,
        0.007076209702378699,
        0.8908643657446723,
        0.00013428264397906745
      ],
      [
        0.8837443686805333,
        0.0859604556801,
        0.0001344187778907704,
        0.009944039540866433,
        0.02008229854271873,
        0.0001344187778907704
      ],
      [
        0.8641011786781394,
        0.09628185580361648,
        0.00013415876227491907,
        0.01011800484392777,
        0.0292306431497665,
        0.00013415876227491907
      ],
      [
        0.061200111786804776,
        0.15062786902884015,
        0.00015719642179221706,
        0.011982941071715934,
        0.7758987044365094,
        0.00013317725433754658
      ],
      [
        0.7042517037243643,
        0.23221777159053844,
        0.0007438970729347874,
        0.017537676555195537,
        0.04511625616448626,
        0.00013269489248064024
      ],
      [
        0.6883362973763345,
        0.23975417511208616,
        0.0009177930425731174,
        0.01851279188605128,
        0.052346398139587524,
        0.00013254444336743354
      ],
      [
        0.7055618990304269,
        0.2268961891437403,
        0.0005250478568462238,
        0.01900250371709658,
        0.047881684738334394,
        0.00013267551355555725
      ],
      [
        0.6598302795802,
        0.2693871169651334,
        0.0006265712094055975,
        0.021172668314569435,
        0.04885093436633038,
        0.00013242956436118372
      ],
      [
        0.12603819397517074,
        0.21147880733638802,
        0.0012416041174106189,
        0.018415319567890536,
        0.642694127518421,
        0.00013194748471908845
      ],
      [
        0.6947577703284318,
        0.24163787395732525,
        0.0007936633024589531,
        0.01857717221044925,
        0.044100821301203755,
        0.00013269890013100434
      ],
      [
        0.06741433417198127,
        0.2074021749857739,
        0.00022661260239353878,
        0.014250837163062257,
        0.7105733022111688,
        0.00013273886562033423
      ],
      [
        0.7680049795719324,
        0.17541033685261573,
        0.00013323587488150163,
        0.011770413035073023,
        0.04454779879061608,
        0.00013323587488150163
      ],
      [
        0.8928207190494978,
        0.043024655840290305,
        0.03959781495245973,
        0.00660176653041423,
        0.017820727881783932,
        0.0001343157455539779
      ],
      [
        0.9981678935863146,
        0.0011748353876397052,
        0.00013694314819027653,
        0.00013694314819027653,
        0.0002464415814748555,
        0.00013694314819027653
      ]
    ],
    [
      [
        0.9959327993848796,
        0.002395846845769482,
        0.0008212492049888565,
        0.0005765109436058871,
        0.00013679681037815963,
        0.00013679681037815963
      ],
      [
        0.7765935246501998,
        0.08533460381180583,
        0.0916676197865658,
        0.015293714035198564,
        0.030977783971216987,
        0.00013275374501311624
      ],
      [
        0.7360201303050682,
        0.20211902976055318,
        0.0007351747370578087,
        0.0166704759478998,
        0.0443222769328934,
        0.00013291231652766202
      ],
      [
        0.6483944640798374,
        0.27407558904424717,
        0.0007500909326157047,
        0.021884500253406672,
        0.05476304926079864,
        0.00013230642909440807
      ],
      [
        0.6627668839978763,
        0.26611461194431313,
        0.0010016322429860305,
        0.021608537642081305,
        0.04837593485322033,
        0.00013239931952307215
      ],
      [
        0.6334847238235676,
        0.287476275792365,
        0.0012891017134887932,
        0.022849641702560413,
        0.05476806424387041,
        0.00013219272414785022
      ],
      [
        0.08984988401346809,
        0.2515744559485508,
        0.0010053753867950875,
        0.02370679383939891,
        0.6337315271037818,
        0.00013196370800538123
      ],
      [
        0.7341181824607285,
        0.17816096479076654,
        0.00038800566849671276,
        0.01988573957675499,
        0.06731438620618373,
        0.00013272129706962807
      ],
      [
        0.8356035032118065,
        0.11348940816144738,
        0.0001338332816671087,
        0.014578172116634446,
        0.036061249946777396,
        0.0001338332816671087
      ],
      [
        0.6663414143837616,
        0.26065634675403504,
        0.0008176448575341575,
        0.022254000470685667,
        0.049798205794886856,
        0.0001323877390967736
      ],
      [
        0.6878999549643185,
        0.22857037229370158,
        0.0009854425665619853,
        0.022630034025453515,
        0.05978177291042137,
        0.00013242323954305805
      ],
      [
        0.07633027618031295,
        0.1799558499432789,
        0.0008977224880632975,
        0.017424216960024972,
        0.7252593533697492,
        0.00013258105857051245
      ],
      [
        0.10939754755802818,
        0.26070200359820056,
        0.0001317500422403397,
        0.0262047529561576,
        0.6034321958031331,
        0.0001317500422403397
      ],
      [
        0.8027864720107698,
        0.14153353742954317,
        0.00013342474465651087,
        0.016643425390715155,
        0.03876971567965897,
        0.00013342474465651087
      ],
      [
        0.7000331122997966,
        0.2134287775708995,
        0.00028833064440848263,
        0.023199352393222444,
        0.0629179278288069,
        0.00013249926286601404
      ],
      [
        0.12925004430401432,
        0.2603474701077338,
        0.00031255136505912876,
        0.02372026162890408,
        0.586237984797885,
        0.00013168779640368076
      ],
      [
        0.09158259170357888,
        0.20010012962185492,
        0.0007984550274681805,
        0.019500374031886404,
        0.6878861836768982,
        0.00013226593831334747
      ],
      [
        0.14526423853488005,
        0.26778837137850026,
        0.0011184601043747907,
        0.02529120714034972,
        0.5604062721620775,
        0.00013145067981771828
      ],
      [
        0.7000024010494125,
        0.2317714802652113,
        0.0010147018858351338,
        0.018833474483960777,
        0.04824531812450596,
        0.0001326241910744379
      ],
      [
        0.0905089807059066,
        0.21093814814491213,
        0.00048826543132919387,
        0.017806437055107583,
        0.6801258494158072,
        0.00013231924693732944
      ],
      [
        0.07176691388618854,
        0.13418753187174953,
        0.00013298780612900087,
        0.014583176969889696,
        0.7791964016599143,
        0.00013298780612900087
      ],
      [
        0.8989097728281102,
        0.07261266398025737,
        0.00013684189187764705,
        0.007933291239535116,
        0.020272820790318034,
        0.00013460926990160313
      ],
      [
        0.8949418350494618,
        0.07847927273446675,
        0.0002892070970616294,
        0.007520988690225145,
        0.01863416964929044,
        0.0001345267794943998
      ],
      [
        0.03833375924120511,
        0.07783819139521919,
        0.00044723410110864085,
        0.007847813628947979,
        0.8753988204595322,
        0.000134181173986953
      ],
      [
        0.04053925067290042,
        0.0675004116802782,
        0.00024289720406517896,
        0.007291651809175494,
        0.8842915638159818,
        0.0001342248175988249
      ],
      [
        0.9115589534909894,
        0.06535555287692577,
        0.0001626793484490101,
        0.006451941179259752,
        0.016336099310354044,
        0.0001347737940221341
      ],
      [
        0.9148829257047053,
        0.06219795444950284,
        0.0003592510141566506,
        0.005817117017541904,
        0.01660796552269816,
        0.00013478629139497135
      ],
      [
        0.9152481898066283,
        0.060612907841171945,
        0.00018031844844924877,
        0.007435791638564145,
        0.016387934802591944,
        0.000134857462594624
      ],
      [
        0.8773562045084082,
        0.08729120332612145,
        0.00013433440248481146,
        0.009594786517960436,
        0.02548913684254036,
        0.00013433440248481146
      ],
      [
        0.7994250653780067,
        0.14829434517922746,
        0.0001334661820713053,
        0.014812675650633744,
        0.037200981427989464,
        0.0001334661820713053
      ],
      [
        0.8335856568452324,
        0.12032676533183738,
        0.00013386796800910308,
        0.013009752398181581,
        0.032810089488730466,
        0.00013386796800910308
      ],
      [
        0.806507786477388,
        0.1340510656632533,
        0.00013345549151166507,
        0.014865772999774667,
        0.04430846387656072,
        0.00013345549151166507
      ],
      [
        0.8044336912206774,
        0.13644764725289135,
        0.00013341849069873526,
        0.015104732675231438,
        0.0437470918698023,
        0.00013341849069873526
      ],
      [
        0.7217542614383565,
        0.2076596758017656,
        0.0008991368468167838,
        0.018212227381193533,
        0.05134196845016431,
        0.00013273008170336005
      ],
      [
        0.41562218350639496,
        0.3484885121998442,
        0.00015875259115265928,
        0.03029597237316084,
        0.2053037805740379,
        0.00013079875540953856
      ],
      [
        0.7313287063745566,
        0.2001430254330343,
        0.0009668637714763608,
        0.018232145367111426,
        0.04919643965281297,
        0.00013281940100842843
      ],
      [
        0.8099459696640956,
        0.1306337027922297,
        0.0002048646591944778,
        0.013840295438257702,
        0.04524171529064508,
        0.00013345215557746128
      ],
      [
        0.7790250925177696,
        0.16898531961654417,
        0.00013324750066888555,
        0.014074688109036865,
        0.037648404755311615,
        0.00013324750066888555
      ],
      [
        0.8368398812358842,
        0.05555851059434455,
        0.06369915608898238,
        0.010494293330957674,
        0.03327475527779788,
        0.00013340347203340643
      ],
      [
        0.9965684263497493,
        0.002435573270460932,
        0.0003863421078589549,
        0.0003358641866196249,
        0.00013689704265566917,
        0.00013689704265566917
      ]
    ],
    [
      [
        0.9961280891603832,
        0.0019776835030328706,
        0.0009121483742518362,
        0.0007084271790690616,
        0.00013682589163154467,
        0.00013682589163154467
      ],
      [
        0.8261938335126335,
        0.07006927710782845,
        0.06448542941637676,
        0.011729878650085715,
        0.027388227758298928,
        0.0001333535547766246
      ],
      [
        0.07833081520798037,
        0.22036263362292263,
        0.001096539264511379,
        0.01791134459176268,
        0.6821662871065175,
        0.0001323802063054611
      ],
      [
        0.6292067209159429,
        0.2908729151248234,
        0.0012045170155535305,
        0.022592400027058097,
        0.05599124842663599,
        0.00013219848998614664
      ],
      [
