[
  [
    [
      [
        0.9978503101418351,
        7.260256991869604e-05,
        9.057524682685509e-05,
        6.506312932534932e-05,
        0.0017945136448576573,
        0.00012693526723629673
      ],
      [
        0.9971317394528255,
        7.252748313421564e-05,
        9.04817880701216e-05,
        6.49909052475858e-05,
        0.002513467049219283,
        0.00012679332150324695
      ],
      [
        0.9978002001872454,
        7.26893338073395e-05,
        9.068326683804003e-05,
        6.514601843968563e-05,
        0.0018441835360952744,
        0.0001270976575742379
      ],
      [
        0.9984052227250787,
        7.296278516342607e-05,
        9.10236871341018e-05,
        6.54077486146851e-05,
        0.0012377721818497786,
        0.00012761087215940498
      ],
      [
        0.9993426766540296,
        7.315377154841576e-05,
        9.126143081245933e-05,
        6.559087890448116e-05,
        0.00029934699346902485,
        0.00012797027123605066
      ],
      [
        0.9991926271232998,
        0.0001253075929020389,
        0.0003420051609046845,
        0.00010922751226329568,
        0.00010884856073916319,
        0.00012198404989103194
      ],
      [
        0.9985428142505598,
        0.0009143765791777376,
        8.10440974650935e-05,
        0.00023109497540745708,
        0.00010876897485293821,
        0.00012190112253698603
      ],
      [
        0.9968658764390731,
        0.0017885241203142441,
        0.0007563005151067388,
        0.00035817698548225324,
        0.00010897613829970149,
        0.00012214580172388475
      ],
      [
        0.9966093457035682,
        0.0022028532946953955,
        0.0005882643033775114,
        0.0003682680272526626,
        0.00010904397718166281,
        0.00012222469392473946
      ],
      [
        0.9966764963691431,
        0.00211516705066409,
        0.0005573274895114023,
        0.0004196701853042583,
        0.00010907739184511256,
        0.00012226151353208033
      ],
      [
        0.9966858842042056,
        0.0019946353258084525,
        0.000671827662133846,
        0.0004164110115912618,
        0.00010903182638031751,
        0.00012220996988061814
      ],
      [
        0.9974624209673951,
        0.0016183778885282478,
        0.00030552356924115186,
        0.0003824058816253209,
        0.00010904856867824371,
        0.00012222312453194633
      ],
      [
        0.9984879004399047,
        0.0006979108733614414,
        0.0002718530124628433,
        0.0003112764805783259,
        0.00010895256437027868,
        0.00012210662932234865
      ],
      [
        0.9986899776084174,
        6.309563252347936e-05,
        8.100282069288612e-05,
        0.0002694721313931327,
        0.0007745124729198112,
        0.0001219393340534582
      ],
      [
        0.9985669613108991,
        6.309274236446687e-05,
        8.09991102770792e-05,
        0.000218856238067378,
        0.0009483247216461394,
        0.00012176587674582328
      ],
      [
        0.9993317909304197,
        6.309518007251669e-05,
        8.100223983169597e-05,
        0.00024448280570108747,
        0.00015763424750998476,
        0.00012199459646514866
      ],
      [
        0.9987312558621705,
        0.00039107975414184637,
        0.00044002776334520975,
        0.00020667552431750003,
        0.00010890747941527256,
        0.00012205361660965019
      ],
      [
        0.9986900318678007,
        0.000781928086198625,
        8.103682187547812e-05,
        0.00021615629696612225,
        0.00010885296017935175,
        0.00012199396697964249
      ],
      [
        0.9991377646700683,
        0.0003910281885548002,
        8.101449148742249e-05,
        0.00015946830922029562,
        0.00010879697642769062,
        0.00012192736424148037
      ],
      [
        0.998550840357136,
        6.308406687356153e-05,
        8.098797259280343e-05,
        5.74950900126437e-05,
        0.0011258738072764433,
        0.00012171870610848974
      ],
      [
        0.9989945235779237,
        6.308433399636929e-05,
        8.0988315527806e-05,
        5.47040431644707e-05,
        0.0006851014452038824,
        0.0001215982841836688
      ],
      [
        0.9982767956758031,
        7.294300771231669e-05,
        9.099906872786071e-05,
        6.538876445247224e-05,
        0.0013662998864333818,
        0.0001275735968707631
      ],
      [
        0.998077349220231,
        7.284332451014455e-05,
        9.087497220445119e-05,
        6.529336767635208e-05,
        0.0015662525653193106,
        0.00012738655005891126
      ],
      [
        0.9975108953221127,
        7.27086396733125e-05,
        9.070731094946667e-05,
        6.516428313092076e-05,
        0.00213339116816126,
        0.0001271332759723137
      ],
      [
        0.9974222086665,
        7.263790986247475e-05,
        9.061925715267248e-05,
        6.509662860073371e-05,
        0.0022224368821086643,
        0.00012700065577545748
      ],
      [
        0.9978710414661586,
        7.269138381764013e-05,
        9.068581686651443e-05,
        6.514802325899475e-05,
        0.0017733316820724015,
        0.00012710162782583997
      ],
      [
        0.9982141190562714,
        6.308321256985872e-05,
        8.098687582894057e-05,
        5.470307071124255e-05,
        0.0014660152214325797,
        0.00012109256318585967
      ],
      [
        0.9987022064966283,
        6.308391270275818e-05,
        8.098777466674356e-05,
        5.470367783662417e-05,
        0.0009776232163732303,
        0.0001213949217923931
      ],
      [
        0.9993438669593823,
        6.308647137438887e-05,
        8.514765049987535e-05,
        5.4705896607505355e-05,
        0.00033129460214458635,
        0.00012189841999138465
      ],
      [
        0.9993449966236726,
        6.308735215163432e-05,
        0.00013917841202916407,
        5.470666037995725e-05,
        0.000276060037962984,
        0.00012197091380358284
      ],
      [
        0.9993857556090445,
        0.00014806102978739993,
        0.00018062100224806713,
        5.47116851362254e-05,
        0.0001088575667077705,
        0.00012199310707596082
      ],
      [
        0.9994127225121109,
        6.308778730088109e-05,
        0.00016024655146256911,
        5.47070377228199e-05,
        0.00018725558686640548,
        0.00012198052453639469
      ],
      [
        0.9993786698544969,
        6.308565492145229e-05,
        8.099001134498646e-05,
        5.4705188614349906e-05,
        0.00030065061554712094,
        0.00012189867507528638
      ],
      [
        0.9991898895709608,
        6.308601961645248e-05,
        8.099047954417117e-05,
        6.695095626918186e-05,
        0.0004770994135501847,
        0.00012198356005918776
      ],
      [
        0.998185164134925,
        0.0009535281335660602,
        0.0004956099544388275,
        0.0001347892930064745,
        0.00010888036011612221,
        0.00012202812394768614
      ],
      [
        0.9975697437739677,
        0.00139895921126743,
        0.0006165069955052082,
        0.00018381039046485537,
        0.00010891156388575028,
        0.00012206806490901817
      ],
      [
        0.9973699105529522,
        0.0017092633762896714,
        0.0005246724531122616,
        0.000165019129726558,
        0.00010898356449771293,
        0.0001221509234216737
      ],
      [
        0.9976383670913936,
        0.0014547459642980229,
        0.0005445309217584531,
        0.00013129065780227334,
        0.00010895209665533651,
        0.000122113268092261
      ],
      [
        0.9980995218954581,
        0.0012246497840033507,
        0.00038804499608283014,
        5.688615742046059e-05,
        0.00010887438732585456,
        0.0001220227797095007
      ],
      [
        0.9974386346425278,
        0.001459320183202883,
        0.0007156509724970225,
        0.00015557638291004776,
        0.0001088348386440625,
        0.00012198298021833568
      ]
    ],
    [
      [
        0.9967380138259316,
        7.240115402812844e-05,
        9.032452418162181e-05,
        6.486991716838631e-05,
        0.0029078345627923025,
        0.00012655601589793116
      ],
      [
        0.9811238634787847,
        0.004722927340823747,
        0.002408066186295942,
        0.0004270451255082901,
        0.011188540142556075,
        0.00012955772603132415
      ],
      [
        0.996836300678985,
        7.249014464469418e-05,
        0.000370642470615153,
        6.495508645764092e-05,
        0.0025288874945746725,
        0.000126724124722739
      ],
      [
        0.9506991947197091,
        0.01900737215965726,
        0.015375316612902966,
        0.0017279738179723115,
        0.01305856292489923,
        0.0001315797648590604
      ],
      [
        0.9264135450485734,
        0.02435742691281493,
        0.027101546695541393,
        0.003499743411813109,
        0.01850193354339433,
        0.00012580438786281633
      ],
      [
        0.9229380533838397,
        0.02518450401251854,
        0.028222988640181898,
        0.003421931945907558,
        0.020106693060129417,
        0.00012582895742281532
      ],
      [
        0.9984252003938646,
        6.310367780438839e-05,
        0.001226582521637553,
        5.472081728954749e-05,
        0.00010863932780916224,
        0.00012175326159477117
      ],
      [
        0.8017398575648231,
        0.059245696197760565,
        0.08332630939803251,
        0.00931924925689191,
        0.04623625842771994,
        0.0001326291547719754
      ],
      [
        0.839805840226019,
        0.04445939985444979,
        0.06695604402839464,
        0.006949568780853461,
        0.0416994644817178,
        0.00012968262856542128
      ],
      [
        0.807056851879419,
        0.05429663440174133,
        0.08551268898113482,
        0.007810893130609973,
        0.045190924467009674,
        0.00013200714008516432
      ],
      [
        0.10772285995136847,
        0.06972298052032136,
        0.0962532973398407,
        0.010833032252458526,
        0.7153306275073449,
        0.00013720242866602437
      ],
      [
        0.8557652798014028,
        0.04991652152960457,
        0.05612493645313,
        0.0064088279382367545,
        0.03165450301527814,
        0.0001299312623478253
      ],
      [
        0.8523517102964441,
        0.03956961983070871,
        0.06420542634198899,
        0.007330173347592729,
        0.036413850245465076,
        0.00012921993780040742
      ],
      [
        0.9093365337983913,
        0.025600117451571477,
        0.034322252584584705,
        0.0042157467449392,
        0.026399216749193783,
        0.0001261326713196262
      ],
      [
        0.8840359791921545,
        0.03136952800363573,
        0.04997796350172391,
        0.004971753734112698,
        0.0295172283974022,
        0.00012754717097103867
      ],
      [
        0.9062630814210162,
        0.026573790273056314,
        0.03686317403497464,
        0.004151542282047352,
        0.02602208863830799,
        0.00012632335059755486
      ],
      [
        0.9044906039632425,
        0.029004237544204236,
        0.03414885537613525,
        0.004265529750137282,
        0.027964278458175413,
        0.0001264949081053936
      ],
      [
        0.9983959849170257,
        0.0008228138050329693,
        0.0004321104529624267,
        0.00011808587858839212,
        0.0001089266123696023,
        0.00012207833402068014
      ],
      [
        0.9988551533773841,
        0.0007784935024804787,
        8.102559711907251e-05,
        5.4729225238756266e-05,
        0.00010873621893810768,
        0.00012186207883957362
      ],
      [
        0.9462224461384294,
        0.013758350585780692,
        0.017198266618530068,
        0.002466360879675319,
        0.02023034846544872,
        0.00012422731213575003
      ],
      [
        0.04300504664446525,
        0.018642590570622234,
        0.023455883386938926,
        0.0022721924713747007,
        0.9124973637662444,
        0.00012692316035456183
      ],
      [
        0.945661562736379,
        0.013667014479369057,
        0.020103972501133435,
        0.0024800466012096715,
        0.017962999950051562,
        0.00012440373185733166
      ],
      [
        0.9428491749373274,
        0.015332673449583103,
        0.02128299694551038,
        0.0026349024555537026,
        0.0177756068805443,
        0.00012464533148103573
      ],
      [
        0.9405958970601311,
        0.015510771125277038,
        0.021383383104659093,
        0.002803110532690398,
        0.019582200929261075,
        0.00012463724798119835
      ],
      [
        0.9490774569703335,
        0.013725739156261768,
        0.016841427500042874,
        0.0018544035576602738,
        0.01837670266057401,
        0.00012427015512768804
      ],
      [
        0.9474569809823706,
        0.01578693186300836,
        0.01789650769298185,
        0.002777875715456783,
        0.015950103458226766,
        0.00013160028795578929
      ],
      [
        0.9473036686316281,
        0.013503328159597539,
        0.01893407364240642,
        0.0024899865039383125,
        0.017644580828967558,
        0.00012436223346210358
      ],
      [
        0.9346189238884599,
        0.017776080039809163,
        0.02439359042908339,
        0.0034065133915715303,
        0.01967979410345614,
        0.00012509814761974295
      ],
      [
        0.9488311448549526,
        0.014236047937757734,
        0.01927466160447543,
        0.00227175466305982,
        0.015261993368224707,
        0.00012439757152982541
      ],
      [
        0.9494858590226763,
        0.011629333014069635,
        0.01853905922298923,
        0.0024818752880491515,
        0.01773974207210486,
        0.00012413138011073155
      ],
      [
        0.9121342471095931,
        0.021485763819200393,
        0.03330961666916431,
        0.004515661912801234,
        0.02842895119220584,
        0.00012575929703519592
      ],
      [
        0.9537413515509566,
        0.010222784542659482,
        0.016660929108186572,
        0.0023978649886154803,
        0.016853146973726557,
        0.0001239228358552399
      ],
      [
        0.9490141043845584,
        0.013660474221026432,
        0.018278281424136244,
        0.0022913325105896414,
        0.016631503693846365,
        0.000124303765842959
      ],
      [
        0.9292546405424805,
        0.01931447766889925,
        0.026918552278944262,
        0.0032522476565461384,
        0.021134800015503177,
        0.00012528183762664552
      ],
      [
        0.04909625268069334,
        0.027118545357939484,
        0.030737548709459314,
        0.004338124412372094,
        0.8885814168453776,
        0.00012811199415829131
      ],
      [
        0.03700891854165172,
        0.028170127270493877,
        0.02592240152703108,
        0.003305786828881089,
        0.9054648091970177,
        0.00012795663492458058
      ],
      [
        0.8478796521433601,
        0.04393825708661672,
        0.07046028850240832,
        0.006212910119222222,
        0.03137904223093591,
        0.0001298499174566817
      ],
      [
        0.8670362330272641,
        0.045101770095870394,
        0.05400669544468284,
        0.005343955365610253,
        0.028382143951020015,
        0.0001292021155525764
      ],
      [
        0.891285247538438,
        0.03652149185954324,
        0.043651728182425846,
        0.004856037355803167,
        0.02355770685159174,
        0.00012778821219799417
      ],
      [
        0.998330984621736,
        0.0010149324617038861,
        0.0003663259867465382,
        5.6933725042559586e-05,
        0.00010884045481113955,
        0.0001219827499597929
      ]
    ],
    [
      [
        0.9969700541095105,
        7.242415000379116e-05,
        9.035314635406515e-05,
        6.48920441668297e-05,
        0.0026756770399214307,
        0.00012659951004325334
      ],
      [
        0.9969233274542245,
        7.240473485368664e-05,
        0.00013242180973263343,
        6.487346991713735e-05,
        0.0026804092212754983,
        0.0001265633099965255
      ],
      [
        0.02748037397016179,
        0.007782107921080815,
        0.008365504641332197,
        0.0011335234812477385,
        0.9551106219816279,
        0.00012786800454957489
      ],
      [
        0.9560809124197042,
        0.0278631416863039,
        0.002534039066711207,
        0.001886485759358749,
        0.011504795775411226,
        0.00013062529251098404
      ],
      [
        0.9305898854467376,
        0.04748547728761115,
        8.338932965643508e-05,
        0.0027709853916704375,
        0.018969573193395962,
        0.00010068935092837308
      ],
      [
        0.9061505249275342,
        0.06043017643136859,
        8.408937157694306e-05,
        0.004342074521637966,
        0.02889160012374094,
        0.00010153462414125298
      ],
      [
        0.894561981305579,
        0.029083188562783566,
        0.04060129489181573,
        0.00575823324835332,
        0.029868470214494434,
        0.0001268317769739535
      ],
      [
        0.992503279109537,
        0.0067795900727800965,
        9.1008193470335e-05,
        0.0003560387310290264,
        0.00013847039014006982,
        0.00013161350304345424
      ],
      [
        0.797341980108176,
        0.05622048323024941,
        0.08546934190015347,
        0.009327417907186757,
        0.051508451539105264,
        0.00013232531512893383
      ],
      [
        0.5017290143057137,
        0.22848017895573983,
        0.0007419112975811368,
        0.015196650002092235,
        0.25370353993237893,
        0.00014870550649393965
      ],
      [
        0.149395440270701,
        0.16124018826570152,
        0.0014169235149061742,
        0.01341516656950061,
        0.6744066743093659,
        0.00012560706982476982
      ],
      [
        0.8258933849865498,
        0.11129786136502184,
        0.00024773806112003146,
        0.00879576528564087,
        0.05366049071769528,
        0.00010475958397201246
      ],
      [
        0.833257376160154,
        0.10103781719947316,
        0.0003599255836452247,
        0.008731067320935116,
        0.05650965009471401,
        0.00010416364107848911
      ],
      [
        0.07518657057973381,
        0.1301896283820247,
        0.0002456163013564436,
        0.008373199168467583,
        0.7858828617393067,
        0.00012212382911087528
      ],
      [
        0.8622927925643834,
        0.08927422883529237,
        8.564641812703245e-05,
        0.0074874442808877525,
        0.04075647320441617,
        0.00010341469689324287
      ],
      [
        0.8803653442763286,
        0.06926354391694654,
        0.00017528611410918686,
        0.005980626147862243,
        0.0441130547738519,
        0.00010214477090148062
      ],
      [
        0.8796782063983103,
        0.06351182604620559,
        0.00047346725271403897,
        0.004980918090561676,
        0.05125385600266852,
        0.00010172620953974636
      ],
      [
        0.08358657944201159,
        0.053050065102172916,
        0.06568264037947528,
        0.008212763637922718,
        0.7893348970811771,
        0.00013305435724023028
      ],
      [
        0.9970309530882555,
        0.0008158738700912978,
        0.0017725826954516288,
        0.0001496843335387617,
        0.0001088764163680508,
        0.0001220295962946746
      ],
      [
        0.06596098282155287,
        0.02982424458516821,
        0.03452029045203933,
        0.0042583790622052,
        0.86530747449449,
        0.00012862858454442801
      ],
      [
        0.8820974482556706,
        0.08074669588026503,
        0.00012294290975703182,
        0.005202648392179074,
        0.03172750029228107,
        0.00010276426984730513
      ],
      [
        0.9109917251571621,
        0.055473980296308796,
        8.383689320621367e-05,
        0.004089863950550327,
        0.029259363936379516,
        0.00010122976639294237
      ],
      [
        0.9097828430089957,
        0.05838176280199508,
        0.0001356375075092092,
        0.004849585016198809,
        0.026748704977237713,
        0.0001014666880633038
      ],
      [
        0.04684522062966055,
        0.04366308934112258,
        0.0006318780868410025,
        0.0033255810043553674,
        0.9054204250756576,
        0.00011380586236292913
      ],
      [
        0.9310245986050841,
        0.0447958357833298,
        8.328428791856144e-05,
        0.003171255130946566,
        0.020824463675578497,
        0.00010056251714219852
      ],
      [
        0.9409266084687297,
        0.036258596650182114,
        8.283514342983461e-05,
        0.002491032494716505,
        0.020140907050186046,
        0.0001000201927557418
      ],
      [
        0.9304041947956686,
        0.04048851843768218,
        8.310039819140944e-05,
        0.0035948932143586975,
        0.025328952676603445,
        0.00010034047749581191
      ],
      [
        0.9385532640394612,
        0.037790944841849576,
        8.295038824623289e-05,
        0.0031326564839740684,
        0.02034002490010928,
        0.00010015934635979176
      ],
      [
        0.901020345488194,
        0.06517395955694495,
        8.43231432896433e-05,
        0.004476243571699209,
        0.02914331134553984,
        0.00010181689433234557
      ],
      [
        0.0773185333087678,
        0.08669882351217838,
        0.00031225145949052786,
        0.0059538985007888704,
        0.8295988221897105,
        0.00011767102906399807
      ],
      [
        0.8461736939545794,
        0.10716815410075016,
        0.00018328516984278455,
        0.0066422506929232445,
        0.039728238880049886,
        0.00010437720185437232
      ],
      [
        0.08139763702774797,
        0.09354792990884425,
        0.00021073880353839316,
        0.006351968433650097,
        0.818373407202433,
        0.00011831862378618712
      ],
      [
        0.9070668936073397,
        0.054433044836756414,
        8.381303895795499e-05,
        0.004587933763055577,
        0.033727113790568176,
        0.00010120096332204654
      ],
      [
        0.9140862500963626,
        0.05027169714344727,
        8.358387263941757e-05,
        0.004050534897213356,
        0.031407009736373205,
        0.00010092425396410776
      ],
      [
        0.08009356630026407,
        0.14072637388111364,
        0.00042412259531486536,
        0.0090983733953268,
        0.7695342952183523,
        0.0001232686096283939
      ],
      [
        0.0727722850556049,
        0.1452149810278085,
        0.0006510877912901302,
        0.008835980690639109,
        0.7724020072820493,
        0.00012365815260799632
      ],
      [
        0.11804491311721671,
        0.1296225181520106,
        0.0009330159873753422,
        0.008851919395495225,
        0.7424256964809547,
        0.00012193686694748737
      ],
      [
        0.7801211343800686,
        0.14945853670840872,
        0.0005881009141459766,
        0.009784769049215821,
        0.05994044094653562,
        0.000107018001625285
      ],
      [
        0.8619973627751908,
        0.0458572272636444,
        0.05569658479401215,
        0.006189114425948407,
        0.030130304061122635,
        0.0001294066800813697
      ],
      [
        0.9978807444929987,
        0.0012658655992108156,
        0.000492574550102568,
        0.0001297836190576789,
        0.00010893717958359483,
        0.00012209455904688276
      ]
    ],
    [
      [
        0.9968196413515336,
        7.25065655257887e-05,
        9.045575586159815e-05,
        6.497071309466147e-05,
        0.0028256720427826355,
        0.00012675357120160575
      ],
      [
        0.978309830529871,
        0.005306187297427369,
        0.005569042892925798,
        0.0006765978007312222,
        0.01000861927670343,
        0.0001297222023412539
      ],
      [
        0.02862593333692103,
        0.02338817895402572,
        0.0013998246422114692,
        0.0020366998750473483,
        0.9444208582139395,
        0.00012850497785489535
      ],
      [
        0.9465232149525219,
        0.036932642364571076,
        0.0017070156357933749,
        0.0024739942698331877,
        0.012231289834494022,
        0.00013184294278644805
      ],
      [
        0.9264262518182292,
        0.04964311443684326,
        8.352046846093594e-05,
        0.0032605960714369654,
        0.020485669509128772,
        0.00010084769590081879
      ],
      [
        0.056749364549534394,
        0.0625834045278578,
        0.0002393475053208083,
        0.004952544428103295,
        0.8753598332549347,
        0.00011550573424909454
      ],
      [
        0.8981761504932012,
        0.06481940900159709,
        0.00014136107966701228,
        0.005246936913607496,
        0.03151428529651863,
        0.00010185721540844839
      ],
      [
        0.831805378638313,
        0.05251225093875049,
        0.06532530017782125,
        0.008139265261641182,
        0.04208699893975029,
        0.0001308060437237327
      ],
      [
        0.9868279797289953,
        0.012108881263253898,
        9.102687312363798e-05,
        0.000701836972175259,
        0.0001385755351447891,
        0.0001316996273072132
      ],
      [
        0.8255052982917711,
        0.04746686892838436,
        0.0683174157489341,
        0.00792249212885563,
        0.050657718320895016,
        0.000130206581159671
      ],
      [
        0.07609709485958825,
        0.0493252450088031,
        0.06122333868571777,
        0.00768175025755138,
        0.8055402879821595,
        0.00013228320618000243
      ],
      [
        0.8231525161079537,
        0.1076920919895246,
        0.0006076077210060693,
        0.008842995347304568,
        0.059600236236037434,
        0.00010455259817348042
      ],
      [
        0.5395536063740741,
        0.17473341141253196,
        0.0003451190292766699,
        0.01259556806095682,
        0.2726300240046922,
        0.000142271118468239
      ],
      [
        0.8645994736572553,
        0.07902745114953413,
        0.00024073494534377593,
        0.007134493481965608,
        0.04889505850399006,
        0.00010278826191121036
      ],
      [
        0.08603979563032914,
        0.08564532321896763,
        0.0003206595381525541,
        0.00734364910479637,
        0.8205329920593517,
        0.00011758044840258509
      ],
      [
        0.8594705089067579,
        0.08065288505725246,
        0.00024994453169118527,
        0.006901707190246859,
        0.05262209964846145,
        0.00010285466559024091
      ],
      [
        0.5400540871305165,
        0.18134100280792376,
        0.00028575093200392334,
        0.012727751409297126,
        0.2654483592322531,
        0.0001430484880057126
      ],
      [
        0.8343832165643897,
        0.10364960507137033,
        0.0007116796612280242,
        0.007657954766558315,
        0.05349330318038606,
        0.00010424075606742852
      ],
      [
        0.08390688382130389,
        0.03887769486481112,
        0.053381452451508805,
        0.00607983834345031,
        0.8176233967973684,
        0.00013073372155755075
      ],
      [
        0.9925835725201382,
        0.006828569100658098,
        9.09472480757222e-05,
        0.000227017842448445,
        0.00013837267088032357,
        0.00013152061779935742
      ],
      [
        0.08319224388000272,
        0.03828170481593483,
        0.05559498412499683,
        0.005716144998986765,
        0.8170842741952233,
        0.00013064798485553866
      ],
      [
        0.8777868300146954,
        0.07995386896868234,
        0.00046295585648292915,
        0.00624826662077957,
        0.035445275119009884,
        0.00010280342034983685
      ],
      [
        0.9105921602478548,
        0.055848073093920904,
        0.00016801683515616262,
        0.00423078824848537,
        0.029059694192877655,
        0.0001012673817050527
      ],
      [
        0.9055074556523666,
        0.059774948604450186,
        0.0001283554347084696,
        0.005379651357351572,
        0.029108004824611202,
        0.00010158412651199848
      ],
      [
        0.9309873166013708,
        0.04244620100127622,
        8.3179807145768e-05,
        0.0033114476627446425,
        0.02307141856676316,
        0.00010043636069939689
      ],
      [
        0.07797862953842485,
        0.07700183209191064,
        0.0002497262763353146,
        0.006061361778614885,
        0.8385917770041397,
        0.00011667331057469282
      ],
      [
        0.0775453352507637,
        0.08057956537369008,
        0.00020125428051139804,
        0.006448857600150344,
        0.8351079286161179,
        0.00011705887876645659
      ],
      [
        0.9160612595097981,
        0.04426056323829812,
        8.328017889350094e-05,
        0.00388173263705304,
        0.035612606880302,
        0.00010055755565530332
      ],
      [
        0.849861206634048,
        0.09584255539445204,
        0.00012351558246552447,
        0.007227610585514161,
        0.04684135196457669,
        0.00010375983894353429
      ],
      [
        0.79402541131472,
        0.13533193271566019,
        0.00029949723485634376,
        0.009480359008701953,
        0.060756623224177436,
        0.00010617650188408718
      ],
      [
        0.7945308339807601,
        0.1328475787074076,
        0.000415531298172665,
        0.00917781838610938,
        0.06292222977390403,
        0.0001060078536462685
      ],
      [
        0.7957363327648702,
        0.13406135883961273,
        0.00032634401404856494,
        0.008901451260461457,
        0.060868455837136216,
        0.00010605728387081873
      ],
      [
        0.8542877835808111,
        0.09417528560246449,
        0.0001245588229719477,
        0.00792035949553674,
        0.04338828456727183,
        0.00010372793094385184
      ],
      [
        0.9223709717680588,
        0.04380042346480207,
        8.327707842765354e-05,
        0.004002822659098723,
        0.029641951217648437,
        0.00010055381196417355
      ],
      [
        0.11976477176967955,
        0.1597546966831958,
        0.0003177849492865037,
        0.011521987349892146,
        0.7085154791163503,
        0.00012528013159571023
      ],
      [
        0.795087547878885,
        0.13546670329762392,
        0.00045018480549812036,
        0.010886403121248202,
        0.05800285347419249,
        0.00010630742255217813
      ],
      [
        0.4801665971173683,
        0.2543307502181713,
        0.0006798960506750355,
        0.01691753163978351,
        0.24775320343228893,
        0.00015202154171291166
      ],
      [
        0.774002580143128,
        0.1510989042256943,
        0.0006558948674485799,
        0.011076239837942134,
        0.06305916958544519,
        0.00010721134034185584
      ],
      [
        0.8415381545233179,
        0.04482026504447744,
        0.07007426368513005,
        0.007058905379037586,
        0.03637843952677558,
        0.00012997184126130714
      ],
      [
        0.9976783119013256,
        0.0014628391287471055,
        0.0004795799768485707,
        0.00014818049547296513,
        0.00010896308872291855,
        0.00012212540888281704
      ]
    ],
    [
      [
        0.997149015419458,
        7.257770370580028e-05,
        9.054431066310839e-05,
        6.503891289666153e-05,
        0.002495936251617716,
        0.00012688740165887823
      ],
      [
        0.9746116447745523,
        0.006295073867406161,
        0.007973425244374362,
        0.0011312304176350249,
        0.009858631403139764,
        0.0001299942928924629
      ],
      [
        0.9553602499827535,
        0.02852679349679193,
        0.002849390155196867,
        0.0019210611519662293,
        0.011211882174160399,
        0.00013062303913088043
      ],
      [
        0.9389075907105684,
        0.04292175189721184,
        0.0005442771019592306,
        0.0029317762460916003,
        0.014561888855151322,
        0.00013271518901759004
      ],
      [
        0.9110164661366839,
        0.05718022849636674,
        8.392354841833252e-05,
        0.004128193407862825,
        0.027489854011499004,
        0.00010133439916908716
      ],
      [
        0.868787414888253,
        0.08309438676654345,
        8.526885273158742e-05,
        0.006249607140362346,
        0.04168036355065019,
        0.00010295880145965437
      ],
      [
        0.8617920033040589,
        0.08976340081797274,
        0.00010521196657973074,
        0.0075946991321589686,
        0.04064123027607729,
        0.00010345450315228683
      ],
      [
        0.8063954640301648,
        0.1292991043573873,
        0.000489565234549148,
        0.009517685190688293,
        0.054192328511244725,
        0.0001058526759656827
      ],
      [
        0.7802242459926111,
        0.05996163621423351,
        0.09224949488585168,
        0.009221778321804429,
        0.05820977503612188,
        0.0001330695493774204
      ],
      [
        0.9942640569407083,
        0.0031110215672680774,
        0.0017883902480351486,
        0.0006049740092693205,
        0.0001091723618458013,
        0.00012238487287348761
      ],
      [
        0.9975295114864501,
        0.0017054738974292124,
        0.00015000581662314686,
        0.00038370957233636394,
        0.00010906158324327723,
        0.00012223764391810626
      ],
      [
        0.7943246243011732,
        0.057015851328382945,
        0.09452150069947665,
        0.008063843027902983,
        0.04594134719145436,
        0.00013283345160972366
      ],
      [
        0.8170985373138868,
        0.11621438330758847,
        0.00030003132421547996,
        0.009364895679257725,
        0.05691707109614622,
        0.00010508127890542633
      ],
      [
        0.09021224091741063,
        0.11184194454561441,
        0.0001945988528069673,
        0.008527930704668835,
        0.7891030550569923,
        0.00012022992250686822
      ],
      [
        0.06487300506658811,
        0.06429940230031854,
        0.00013441719062411934,
        0.006407261160164139,
        0.8641701832213392,
        0.00011573106096586715
      ],
      [
        0.10035826761398658,
        0.12315064148676659,
        0.00022047151700632376,
        0.009926577249640953,
        0.766222607736938,
        0.00012143439566166904
      ],
      [
        0.8204190352760943,
        0.11124622427721163,
        0.0002822609899232847,
        0.00851160349830849,
        0.05943615390882719,
        0.00010472204963492042
      ],
      [
        0.7796913360351215,
        0.15308048990780745,
        0.00024567315972276834,
        0.010388215980154054,
        0.05648701123477481,
        0.00010727368241940888
      ],
      [
        0.08035855060878118,
        0.11170170801385422,
        0.0013608664282136035,
        0.008080723121566038,
        0.7983778154497223,
        0.00012033637786271622
      ],
      [
        0.7676707273737995,
        0.06464814955468247,
        0.11724258596220555,
        0.008235805651352004,
        0.04206738370242329,
        0.00013534775553720332
      ],
      [
        0.9903210846540159,
        0.008949587194182639,
        9.108446885454155e-05,
        0.00036786856180302634,
        0.00013862238300844048,
        0.00013175273813552268
      ],
      [
        0.8503401728275872,
        0.0384565547640471,
        0.05594276209666073,
        0.0065769265783763445,
        0.04855503303684059,
        0.00012855069648816015
      ],
      [
        0.8420979591130373,
        0.041284744073054755,
        0.06272567253019777,
        0.008526010978452094,
        0.045236235141812305,
        0.00012937816344575084
      ],
      [
        0.8686499267536224,
        0.030983697359865347,
        0.053453814462604304,
        0.005905726833865022,
        0.04087918549885708,
        0.00012764909118572927
      ],
      [
        0.9085098861021321,
        0.05498696021041235,
        0.00010697057476394376,
        0.004485846225901708,
        0.03180910542488548,
        0.00010123146190440563
      ],
      [
        0.900408132322482,
        0.059334327087810314,
        8.407315483196796e-05,
        0.005037168519685884,
        0.035034783872133136,
        0.00010151504305656937
      ],
      [
        0.8437902071255776,
        0.09828122243656782,
        0.00010838059743873325,
        0.007336554726347543,
        0.050379734814536586,
        0.00010390029953166651
      ],
      [
        0.8970277072830437,
        0.061065617923653025,
        8.416762713140063e-05,
        0.005260040209505854,
        0.03646083784200631,
        0.00010162911465961233
      ],
      [
        0.8517246602431259,
        0.0839472955550537,
        0.00013743114870439524,
        0.007749417247400775,
        0.056338094492340986,
        0.00010310131337425058
      ],
      [
        0.8079298887489615,
        0.11687229106421294,
        0.000350717566501037,
        0.009595066574006467,
        0.0651469149329789,
        0.00010512111333909822
      ],
      [
        0.523963702351227,
        0.19613424295564413,
        0.0004038226523223503,
        0.015169004351386768,
        0.26418426943468337,
        0.00014495825473637172
      ],
      [
        0.8215621413928913,
        0.10655713432991605,
        0.00036890393592923864,
        0.008670781587245864,
        0.06273657725077136,
        0.00010446150324614166
      ],
      [
        0.8340500294560748,
        0.1065228077280133,
        0.00017369196165833387,
        0.008394618407720725,
        0.05075439410010291,
        0.00010445834642993804
      ],
      [
        0.8994149238773269,
        0.05927753693921664,
        8.413126916625802e-05,
        0.005947608602767086,
        0.03517421409768311,
        0.00010158521384009064
      ],
      [
        0.8590055790671564,
        0.09413085222443471,
        0.00014095001786919474,
        0.007959296434393777,
        0.0386595832138086,
        0.00010373904233727498
      ],
      [
        0.7682496231459214,
        0.1611404036175536,
        0.0003455868404998122,
        0.011621727885738809,
        0.05853482575780391,
        0.00010783275248245073
      ],
      [
        0.7875875178953042,
        0.14268321443021828,
        0.0004712919539264421,
        0.01123045356191327,
        0.05792077320984493,
        0.00010674894879296901
      ],
      [
        0.07171191363855013,
        0.09762159227932946,
        0.0006292891072954578,
        0.0074066144400938986,
        0.822511773547989,
        0.00011881698674202332
      ],
      [
        0.05347969563956582,
        0.05775815140960782,
        0.06187650562823835,
        0.006159653593314672,
        0.8205927464535882,
        0.00013324727568518894
      ],
      [
        0.9978500799665869,
        0.0011786733930793769,
        0.000600017807246499,
        0.00014023792031893934,
        0.00010891798797650847,
        0.00012207292479189075
      ]
    ],
    [
      [
        0.9973262300875129,
        7.270671118658746e-05,
        9.070491571111386e-05,
        6.516232123206047e-05,
        0.002318066641877178,
        0.00012712932248007026
      ],
      [
        0.9600095347481444,
        0.013322171154519441,
        0.013082095180153233,
        0.0016880110213935383,
        0.011767282637077754,
        0.00013090525871153988
      ],
      [
        0.9443446439497566,
        0.036662727048960744,
        0.0008290895823760787,
        0.0022692107768342963,
        0.015794274485517543,
        0.0001000541565546785
      ],
      [
        0.916537621055019,
        0.0591911295117494,
        8.39921518220421e-05,
